name,timestamp,angry,disgust,fear,happy,sad,surprise,neutral
Cha Tae Sik,348,0.2,0,0.2,0,80.6,0,19
 Jeong So Mi,385,0,0,0,0.1,99.9,0,0
 Jeong So Mi,437,78.2,0.3,3.1,0,16.4,0,2
 Jeong So Mi,453,4,0,1.5,53.5,0.2,3.8,36.9
 Jeong So Mi,459,13.8,0,2.2,0,83.1,0,0.9
 Jeong So Mi,464,3.9,0,1.7,0,94.3,0,0.1
 Jeong So Mi,478,0.1,0,0,41.5,0.5,0,58
Cha Tae Sik,481,0,0,0,0,99.8,0,0.2
 Jeong So Mi,483,0.1,0,0,0,13,0,86.8
 Jeong So Mi,488,0.5,0,0,0,15.6,0,83.9
Cha Tae Sik,491,0.1,0,0.1,0,70.7,0,29.2
 Jeong So Mi,494,0,0,0,0,0.1,0,99.9
Cha Tae Sik,507,0.7,0,0.6,0,96.4,0,2.4
 Jeong So Mi,513,0,0,0,0,0.1,0,99.9
Cha Tae Sik,520,0.1,0,0.1,0,98.9,0,0.9
 Jeong So Mi,524,0.9,0,0.4,0,6.4,0,92.3
Cha Tae Sik,527,0,0,0,0,89.6,0,10.3
Cha Tae Sik,534,0,0,0,0,100,0,0
Cha Tae Sik,538,0,0,0,0,99.2,0,0.8
Cha Tae Sik,543,0,0,0,0,98.4,0,1.6
 Jeong So Mi,548,82.7,1.1,0.6,0.1,15.1,0,0.4
Cha Tae Sik,572,0,0,0,0,91.9,0,8.1
 Jeong So Mi,633,0,0,0,99.9,0,0,0.1
 Jeong So Mi,642,33.8,0,0,0,14.3,0,51.9
Cha Tae Sik,645,69.3,0,0,1.8,9.4,0.6,18.9
 Jeong So Mi,649,0,0,0.1,0.1,0,0,99.8
 Man Seok,693,81,0,3.2,0,15.1,0,0.6
 Man Seok,704,83.3,0,6.8,9.6,0.1,0.1,0
 Man Seok,709,5.4,0,23.6,0,7.7,0,63.3
 Man Seok,726,7.4,0,3.8,0,88.6,0,0.2
 Lam Loan,730,8.3,0,0.5,0,43.8,0,47.5
 Man Seok,742,9.2,0.1,1.5,16,52.1,0,21.1
 Man Seok,754,90,0.6,5.5,0,1.9,0.9,1.1
 Man Seok,771,18.4,0,0.2,0,21.6,0,59.8
 Man Seok,779,0,0,0,0,14.7,0,85.3
 Jeong So Mi,833,0.4,0,0.1,0,86,0,13.5
 Jeong So Mi,848,0,0,0.1,0,99.9,0,0
 Jeong So Mi,874,13.1,0,76.6,0.4,3.4,1.3,5.2
Cha Tae Sik,908,0,0,0,0,100,0,0
Cha Tae Sik,915,21.6,0.1,0.1,0,16.7,0,61.5
 Jeong So Mi,929,0,0,91.5,0,8.5,0,0
Cha Tae Sik,939,20.6,0,0,0.1,46.4,0.3,32.6
 Jeong So Mi,942,0.5,0,53.3,1.5,0.1,44,0.6
Cha Tae Sik,945,3.8,0,0.1,0.5,91,0.1,4.6
Cha Tae Sik,952,0,0,0,0,99.9,0,0
 Jeong So Mi,960,0,0,11.2,3.1,85.7,0,0
Cha Tae Sik,971,29.4,0,0.4,0,58.3,0,11.9
Cha Tae Sik,1018,0,0,0,0,100,0,0
Cha Tae Sik,1042,0,0,0,0,100,0,0
Cha Tae Sik,1049,0,0,0,100,0,0,0
Cha Tae Sik,1072,0,0,0,0,100,0,0
Cha Tae Sik,1103,0,0,3,0,96.1,0,0.9
Cha Tae Sik,1103,0,0,100,0,0,0,0
 Man Seok,1103,0,0,85.5,6,0.2,2.1,6.1
Cha Tae Sik,1103,0,0,14.4,0.1,32.4,0,53.1
 Lam Loan,1103,0,0,83.9,0,14.2,0,1.8
 Jeong So Mi,1103,0,0,0.8,0,78.5,0,20.7
Cha Tae Sik,1109,0.2,0,2.3,0,13.7,0,83.8
 Jeong So Mi,1117,3.7,0,84.4,0,11.9,0,0
Cha Tae Sik,1120,0.2,0,0.5,0.1,3.7,0,95.6
 Jeong So Mi,1125,0.3,0,98.2,0,1.5,0,0
Cha Tae Sik,1126,0,0,0,0,17.2,0,82.7
 Jeong So Mi,1128,0,0,100,0,0,0,0
 Jeong So Mi,1145,0,0,0,0,100,0,0
Cha Tae Sik,1151,0.1,0,0.1,0,30.2,0,69.7
 Jeong So Mi,1156,0,0,87.8,0,12.2,0,0
Cha Tae Sik,1159,0,0,0,0,5,0,95
 Jeong So Mi,1162,0,0,74.4,0,25.6,0,0
 Jeong So Mi,1166,0,0,16.3,0.3,70.8,0,12.6
 Lam Loan,1183,0.2,0,3.6,0.1,77.6,0,18.5
 Jong Seok,1208,0.3,0,0.2,1,12.1,0,86.4
 Man Seok,1210,33.3,0,43.1,2.3,2,12.1,7.2
 Jong Seok,1212,0.5,0,0.2,0,80.9,0,18.4
 Man Seok,1227,0.2,0,83.6,0,5.4,0,10.8
 Jeong So Mi,1246,0,0,0.1,0,99.9,0,0
 Jeong So Mi,1262,0.6,0,5.2,0,94,0,0.2
Cha Tae Sik,1263,0.1,0,26.7,1.8,68.9,0,2.5
 Jeong So Mi,1271,0.1,0,8.5,0,91.4,0,0
Cha Tae Sik,1271,0.4,0,42.5,56.7,0.3,0,0
 Jeong So Mi,1309,19.3,0,33.9,0,46.8,0,0
Cha Tae Sik,1309,27.5,0,0,0,1.4,0.3,70.8
 Jeong So Mi,1317,47.2,0,0,0.9,38,0.6,13.3
Cha Tae Sik,1361,1.7,0,0.1,0,97,0,1.2
 Jeong So Mi,1363,1.9,0,0.6,0.2,2.1,0,95.2
Cha Tae Sik,1422,0,0,0,0,88.7,0,11.3
 Jeong So Mi,1432,2,0,0,0,97.5,0,0.5
 Jong Seok,1443,0.1,0,0.5,0.2,0,91,8.1
 Jong Seok,1446,0,0,96.8,0,0,0,3.2
 Jeong So Mi,1463,0,0,0.1,0,80.1,0,19.9
 Lam Loan,1464,3.6,0,0,0,16.2,0,80.2
 Jeong So Mi,1464,0,0,0,0,100,0,0
 Lam Loan,1476,0,0,0.1,0.1,3.7,0,96
Cha Tae Sik,1487,0,0,0,0,99.9,0,0
Cha Tae Sik,1507,0,0,0,0,6.1,0,93.9
Cha Tae Sik,1512,0,0,0,0,12.4,0,87.6
Cha Tae Sik,1531,0.2,0,0.2,0,30,0,69.5
 Jong Seok,1555,0,0,0.1,0,99.9,0,0.1
 Lam Loan,1570,0.2,0,0,0,17.2,0,82.6
Cha Tae Sik,1574,0.1,0,0,0,99.9,0,0.1
 Lam Loan,1576,0.3,0,0.1,0,7.5,0,92.1
Cha Tae Sik,1579,0.1,0,0,0,99.2,0,0.7
 Lam Loan,1582,3.3,0,2.1,0,58.8,0,35.8
Cha Tae Sik,1583,0,0,0,0,99.9,0,0.1
Cha Tae Sik,1601,0,0,0,10.8,86.6,0,2.6
 Jong Seok,1635,0,0,0.1,0,98.4,0,1.5
 Jong Seok,1642,0,0,0,0.3,0,0,99.7
 Lam Loan,1649,3.3,0,22.7,0,73.3,0,0.7
Cha Tae Sik,1651,0,0,0.8,0,99.1,0,0.1
 Lam Loan,1653,2.8,0,0.2,0,41.7,0,55.3
Cha Tae Sik,1659,0,0,0.2,0,99.8,0,0
 Lam Loan,1661,0.2,0,0,0,1.5,0,98.3
Cha Tae Sik,1667,0,0,0.3,0,99.7,0,0
Cha Tae Sik,1672,0.2,0,0.8,0,98.9,0,0.1
 Lam Loan,1673,0,0,0,0,0,0.2,99.8
Cha Tae Sik,1678,0,0,0.9,0,99.1,0,0
 Lam Loan,1680,5.8,0,0,0,13.6,0,80.5
Cha Tae Sik,1686,0.1,0,1.5,0,98.3,0,0
 Lam Loan,1690,2.4,0,0,0,6.9,0,90.7
 Lam Loan,1697,0.7,0,0,99.2,0,0,0
Cha Tae Sik,1697,0.1,0,0.1,0,97.6,0,2.1
 Lam Loan,1698,79.4,0,0.1,1.4,5.2,2.6,11.3
 Lam Loan,1707,0.8,0,0.7,0,62.9,0,35.6
 Lam Loan,1714,2.1,0,2.9,0,87.8,0,7.1
Cha Tae Sik,1723,2.6,0,0,76.5,20.6,0,0.3
Cha Tae Sik,1728,8.7,0,0,0.1,80.6,0,10.5
 Jeong So Mi,1735,96.1,0,0.2,0.5,3.2,0,0
Cha Tae Sik,1737,99,0,0,0.1,0.9,0,0
Cha Tae Sik,1739,37,0,1,0.2,28.3,0,33.5
Cha Tae Sik,1744,38.7,0,0.5,0,24.4,0,36.3
 Jeong So Mi,1754,2.1,0,0,0.1,1.5,0,96.3
Cha Tae Sik,1757,0,0,0.1,0,51.5,0,48.3
 Jong Seok,1779,15.7,0,66,0.1,15.9,0.1,2.1
 Lam Loan,1787,0.5,0,0,0.6,0.8,0,98
 Jong Seok,1787,14.1,0,55.5,0,30.4,0,0
Cha Tae Sik,1848,24.8,0,0,0.1,71.3,0,3.8
Cha Tae Sik,1860,0.4,0,0.1,0.5,57.6,0,41.4
 Man Seok,1875,7.2,0,1.8,3.3,56.2,0.4,31
 Jong Seok,1875,4,0,21.2,3.3,14.2,0.5,56.7
Cha Tae Sik,1927,0,0,0.6,0,99.4,0,0
Cha Tae Sik,1929,0,0,0,0,14.2,0,85.8
Cha Tae Sik,1935,0,0,0,0,1.1,0,98.9
Cha Tae Sik,1952,0.7,0,0,0.1,96.8,0,2.3
 Man Seok,1957,0.1,0,0.1,0.1,99.2,0,0.5
 Jong Seok,1957,0,0,0,0.1,0.4,0,99.5
Cha Tae Sik,1967,69.7,0,7.1,0,22.8,0,0.4
Cha Tae Sik,1975,100,0,0,0,0,0,0
Cha Tae Sik,2043,0.3,0,0.2,0,0.5,0,99.1
Cha Tae Sik,2046,0,0,57.3,1.2,4.4,0,37.1
Cha Tae Sik,2059,0,0,0.2,0.3,60.8,0,38.6
Cha Tae Sik,2060,4.4,1.5,25,52.9,16.1,0,0.2
Cha Tae Sik,2061,0,0,2.4,0.6,96.6,0,0.4
Cha Tae Sik,2068,0,0,0,0,81.6,0,18.4
Cha Tae Sik,2069,0,0,0,0,32.2,0,67.8
Cha Tae Sik,2074,0,0,0,0,90.6,0,9.4
Cha Tae Sik,2088,0,0,0,0,3.2,0,96.7
Cha Tae Sik,2096,0,0,0,0,36,0,63.9
Cha Tae Sik,2104,0,0,0,0,85.6,0,14.3
Cha Tae Sik,2108,0,0,0,0,19.6,0,80.4
Cha Tae Sik,2116,0,0,0,0,1.2,0,98.8
Cha Tae Sik,2124,0,0,0,0,1.6,0,98.4
Cha Tae Sik,2130,0,0,0,0,10.1,0,89.9
Cha Tae Sik,2132,57.1,0,0.3,0.3,0.3,0,42
Cha Tae Sik,2138,33.4,0,0,0,3.4,0,63.3
Cha Tae Sik,2143,0,0,0,0.1,0.1,0,99.8
Cha Tae Sik,2144,0,0,0,0,40.5,0,59.5
Cha Tae Sik,2146,0.5,0,0,0,17.9,0,81.6
 Man Seok,2183,7,0,11.6,21,20.6,4.4,35.4
 Jong Seok,2183,0,0,5.4,7.1,40.6,0,46.9
 Man Seok,2201,4,0,44.8,4.5,0.7,45.9,0
 Jong Seok,2201,1,0,1.4,0,42.2,0,55.4
 Jong Seok,2203,0,0,6.9,3.8,18.7,0.1,70.5
 Man Seok,2203,0.2,0,16.6,0.8,22.7,9.3,50.4
Cha Tae Sik,2253,0,0,97.6,0,2.3,0,0
Cha Tae Sik,2255,0,0,0,67.4,0.7,0,31.9
Cha Tae Sik,2259,28.2,0,0,3.4,42.7,0,25.7
Cha Tae Sik,2261,36.3,0,6.3,0,49.3,0,8.2
Cha Tae Sik,2273,3,0.1,26.9,0.1,69.1,0,0.9
Cha Tae Sik,2282,3.3,0,96.6,0,0.1,0,0
Cha Tae Sik,2291,9.8,0,5.7,0,6.2,0,78.2
Cha Tae Sik,2292,7.1,0,1,0.1,56.2,0,35.6
Cha Tae Sik,2304,3.7,0,82.8,0.1,13.4,0,0
Cha Tae Sik,2308,1.3,0,1.6,0,70.1,0,27
Cha Tae Sik,2311,58,0,0.2,0,23.1,0,18.7
Cha Tae Sik,2312,87.6,0.7,9.4,0.3,0.6,1.1,0.4
Cha Tae Sik,2313,0.3,0,2.4,0,36.9,0,60.4
Cha Tae Sik,2325,0,0,0,0,100,0,0
Cha Tae Sik,2328,70.5,0,21.9,0.1,7.4,0,0
Cha Tae Sik,2331,10.6,0.2,0.7,0.1,57.1,0,31.3
Cha Tae Sik,2351,7.6,0,0.4,55.9,2.7,0.5,32.9
Cha Tae Sik,2356,0,0,1.3,92.6,4.1,0,2
Cha Tae Sik,2358,0.1,0,0.1,0.1,1.2,0,98.5
Cha Tae Sik,2367,8.9,0,0.1,0,88.4,0,2.6
Cha Tae Sik,2372,2.4,0,0,0,85.3,0,12.3
Cha Tae Sik,2384,8.9,0,1.2,0.4,89.5,0,0.1
Cha Tae Sik,2445,0.1,0,0,0,0.3,0,99.6
Cha Tae Sik,2571,12.9,0,6.5,0,77.2,0,3.4
Cha Tae Sik,2575,1.6,0,4,0,93.9,0,0.5
Cha Tae Sik,2580,60.6,0,21.2,0.2,13.2,0.2,4.7
Cha Tae Sik,2587,0,0,0,0,100,0,0
 Jeong So Mi,2726,0,0,0.6,0,99.4,0,0
 Jeong So Mi,2729,1.4,0,0,0,91.4,0,7.2
 Jeong So Mi,2731,0,0,0,0,100,0,0
 Jeong So Mi,2733,3.8,0,0.5,0,95.6,0,0
 Jeong So Mi,2736,0.1,0,0,0,0.1,0,99.8
 Jeong So Mi,2767,0.7,0,2,0,90.7,0,6.7
 Jeong So Mi,2769,1.2,0,1,0,52.9,0,44.8
 Jeong So Mi,2775,1.7,0,0,0,12.5,0,85.8
 Jeong So Mi,2807,49,0,0.1,0,43.5,0,7.5
 Jeong So Mi,2825,0.1,0,0.1,0,88.2,0,11.6
 Jong Seok,2946,0,0,40.2,0,45.8,0,14
 Man Seok,2946,0,0,56,0,15.1,0,28.9
 Man Seok,2952,51.4,0,14.5,0,22.3,2.1,9.7
 Jong Seok,2958,0.1,0,0.3,0.6,12.1,0.1,86.8
 Jong Seok,2961,0.5,0,1.8,0.1,27.1,0,70.5
 Jong Seok,2965,6.5,0,32.7,0,45,0,15.8
 Man Seok,2972,0.1,0,0,0,1.1,0,98.7
 Jong Seok,2976,0,0,0,0,1.2,0,98.8
 Jong Seok,2981,2.8,0,2.4,0,47.1,0.4,47.3
 Jong Seok,2986,0.2,0,0,99.7,0,0,0.1
 Jong Seok,2993,3.2,0.3,18.1,0.6,38.2,0,39.6
 Jong Seok,2996,0,0,0.9,0.6,21.1,0,77.4
 Jong Seok,3002,0.1,0,58.7,3.9,0.8,14.3,22.1
 Jong Seok,3005,67.7,0,0.2,0,32.1,0,0
 Jong Seok,3008,4.5,0,10.5,0.2,58.8,0,25.9
 Man Seok,3008,75.5,0,0,0,2.2,0,22.3
 Man Seok,3009,86.9,3.9,0.9,0.2,7.7,0,0.5
 Jong Seok,3013,0,0,0,0,0,0,100
 Jong Seok,3015,0,0,93.3,0.4,0,6.3,0
 Jong Seok,3016,0,0,0.8,1.2,0.1,0,97.9
 Man Seok,3018,89.9,0,1.4,0,5.2,0,3.4
 Jong Seok,3018,0,0,0.1,0,97.2,0,2.7
 Lam Loan,3069,8.8,0,1.2,0,87,0,3
 Lam Loan,3076,0.3,0,0,0.1,0.2,0,99.4
 Lam Loan,3085,0,0,0,0,0.1,0,99.8
 Lam Loan,3087,0,0,0.3,0.1,0.6,0,99
 Lam Loan,3091,0.2,0,0.1,0.1,0.2,0,99.4
Cha Tae Sik,3140,0.1,0,0.3,1.1,3.5,0,95
Cha Tae Sik,3149,0,0,0.1,0,99.9,0,0
Cha Tae Sik,3153,0.1,0,0,0,10.8,0,89.1
Cha Tae Sik,3162,0,0,0.1,0,99.9,0,0
Cha Tae Sik,3170,0,0,13.5,0,86.5,0,0
Cha Tae Sik,3183,0,0,0,0,1.9,0,98.1
Cha Tae Sik,3192,1,0,1.6,0.1,27.8,0.1,69.3
Cha Tae Sik,3216,0,0,0,0,13.3,0,86.7
Cha Tae Sik,3230,0.8,0,0.4,0,98.6,0,0.3
Cha Tae Sik,3347,0,0,0,0,99.1,0,0.9
Cha Tae Sik,3373,0,0,0,0,99.9,0,0
Cha Tae Sik,3374,0,0,3.3,0,96.7,0,0
Cha Tae Sik,3389,1.1,0,2.3,0,94.9,0,1.7
Cha Tae Sik,3393,0.7,0,2.6,0.1,93.6,0,3
 Man Seok,3394,3.5,0,0,0,69.3,0,27.2
Cha Tae Sik,3396,0,0,0,0,100,0,0
 Man Seok,3396,0,0,0,0,0.7,0,99.3
 Man Seok,3400,0.1,0,0,79.7,0.1,0,20.2
 Jong Seok,3438,1,0,0.8,0,68.9,0,29.3
 Jong Seok,3440,0,0,4.6,0.3,83.2,0,11.9
 Jong Seok,3441,1.1,0,0,0,98.8,0,0.1
 Jong Seok,3443,0,0,0,0,99.9,0,0
 Man Seok,3444,0.1,0,1,0,68,0,30.9
 Jong Seok,3444,0,0,0.9,0,99.1,0,0
Cha Tae Sik,3531,0,0,0,0,3.9,0,96.1
Cha Tae Sik,3541,0,0,0,0,94.4,0,5.5
Cha Tae Sik,3547,0.2,0,1,0,97.5,0,1.2
Cha Tae Sik,3549,1.3,0,0.4,0,97.8,0,0.5
Cha Tae Sik,3555,90.9,0,4.7,4.3,0.1,0,0
Cha Tae Sik,3562,0,0,0,0,100,0,0
Cha Tae Sik,3573,0.1,0,8.7,0,90.8,0,0.4
Cha Tae Sik,3579,1,0,8.2,0,84.2,0,6.6
 Lam Loan,3583,0.9,0,0.1,0,21.7,0,77.3
 Lam Loan,3585,3.1,0,7.8,0,23.8,0,65.3
 Lam Loan,3597,0.5,0,0.2,0.1,2.5,0.1,96.6
 Lam Loan,3601,0.8,0,0,0.1,0.9,0,98.3
 Lam Loan,3605,13.6,0,5.7,0.3,29.5,0.2,50.6
 Lam Loan,3608,0.9,0,0,0,0.4,0,98.6
 Lam Loan,3610,5.6,0,0.2,0,10.5,0,83.7
 Lam Loan,3613,26.5,0,10.5,8.6,21.8,7,25.6
 Lam Loan,3615,0.1,0,0.1,0,66,0,33.8
 Lam Loan,3616,7,0,40.5,0,31.9,0,20.6
 Lam Loan,3622,0,0,85.5,0,14,0,0.4
 Lam Loan,3624,2.4,0,2.8,0,1,0,93.8
 Lam Loan,3629,99.5,0,0.3,0,0.2,0.1,0
Cha Tae Sik,3635,1.6,0,84,0,12,0,2.4
 Lam Loan,3636,40.3,0,47.4,2.9,7.5,0,1.8
 Lam Loan,3637,0.8,0,0.9,53.4,1.5,13.8,29.7
 Lam Loan,3641,7.3,0,0.8,0.2,72.5,0,19.2
Cha Tae Sik,3652,39.3,0,11.5,49,0,0.2,0
 Lam Loan,3653,16.1,0,6.9,0,33.6,0,43.4
 Lam Loan,3664,27.9,0,2.1,0,1.9,0,68
 Lam Loan,3665,60.3,0,2.3,0,37.3,0,0
 Lam Loan,3666,10.1,0,24.1,0,53.7,0,12.1
 Lam Loan,3668,65.2,0,25.5,8.3,0.5,0.5,0.1
 Lam Loan,3673,0.1,0.1,95.4,1.6,0.3,0.3,2.3
 Lam Loan,3681,0.1,0,0,0,2.3,0,97.6
Cha Tae Sik,3684,4.1,0,7.2,9.4,78.9,0,0.4
 Lam Loan,3709,0,0,0,0.1,58.2,0,41.7
Cha Tae Sik,3716,0.2,0,0,0,2.3,0,97.4
Cha Tae Sik,3725,0,0,0,0,100,0,0
Cha Tae Sik,3729,0,0,0,0,100,0,0
 Man Seok,3730,100,0,0,0,0,0,0
 Lam Loan,3732,0.8,0,1.1,0,91.4,0,6.7
 Man Seok,3732,0.5,0,0,30.5,14.3,0,54.8
 Man Seok,3736,0.9,0,0,99,0,0,0
 Man Seok,3739,47.9,0,0.3,0,51.5,0,0.3
 Man Seok,3740,3.4,0,0,13,32.4,0,51.2
 Man Seok,3741,100,0,0,0,0,0,0
 Man Seok,3743,0,0,17.7,0,13.6,0,68.7
 Lam Loan,3744,0,0,0,0,0,0,100
Cha Tae Sik,3746,0.3,0,0.2,0.1,3.7,0,95.8
 Lam Loan,3748,27.5,0,0.1,4.3,61.4,0,6.7
 Lam Loan,3749,1.4,0,0,0.3,3.9,0,94.4
Cha Tae Sik,3752,0.8,0,0,0,58,0,41.2
 Man Seok,3771,0.1,0,11.8,0,88.1,0,0
 Jong Seok,3771,0,0,0,0,3.1,0,96.8
 Jong Seok,3772,3.5,0,0,0.2,39.5,0,56.8
 Man Seok,3775,0,0,0.1,0,1.1,0,98.8
Cha Tae Sik,3776,0,0,0,0,100,0,0
Cha Tae Sik,3778,0,0,0.4,0,99.6,0,0
 Man Seok,3781,64.8,0,0.1,1.7,18.3,0.6,14.5
Cha Tae Sik,3783,1.2,0,0,88.7,0.2,0,9.8
Cha Tae Sik,3788,2.5,0,5.7,0,30.1,0,61.7
Cha Tae Sik,3806,0,0,21.1,3.9,74.9,0,0.1
Cha Tae Sik,3815,2.7,0,0,87,6.5,0,3.8
Cha Tae Sik,3819,0.8,0,12.1,0,86.1,0,1
Cha Tae Sik,3839,0,0,0,0,10.1,0,89.8
Cha Tae Sik,3840,4.5,0,15.7,0.1,26.2,0,53.5
 Lam Loan,3859,6.5,0,0.2,0,34.4,0,58.9
 Man Seok,3861,0,0,54.6,0,16.9,0,28.5
Cha Tae Sik,3866,6.9,0,12.6,0.6,40.4,0.7,38.9
 Man Seok,3868,0,0,97.9,0,2.1,0,0
Cha Tae Sik,3871,0,0,0,0,1.9,0,98.1
 Man Seok,3873,4.8,0,1.6,91.1,2.5,0,0
Cha Tae Sik,3874,0.6,0,0.8,0,67.3,0,31.3
 Man Seok,3878,2.1,0,18,0.7,66.6,0,12.6
Cha Tae Sik,3882,1.8,0,13.4,0,84.2,0,0.5
 Man Seok,3885,8.2,0,82.6,0,8.7,0,0.4
 Man Seok,3918,13.8,0,57.9,0,28.3,0,0
Cha Tae Sik,4249,53.9,0,0.2,13.9,14.1,3.6,14.2
Cha Tae Sik,4277,100,0,0,0,0,0,0
Cha Tae Sik,4281,98.7,0,0,0,1.3,0,0
Cha Tae Sik,4358,1.8,0,0,15.5,82.6,0,0
Cha Tae Sik,4387,99.9,0,0,0,0,0,0
Cha Tae Sik,4394,4.5,0,0.4,17.3,32.2,0,45.6
Cha Tae Sik,4406,15.2,0,1.8,0,4.7,0,78.2
Cha Tae Sik,4416,0.7,0,14.5,0.6,1.2,0,82.9
Cha Tae Sik,4419,3.3,0,0,19.3,0.2,0,77.2
Cha Tae Sik,4443,0,0,3.6,0,95.1,0,1.3
Cha Tae Sik,4467,6.1,0,0.2,0,44.8,0,48.9
Cha Tae Sik,4473,19.5,0,1.6,0,65.1,0,13.7
Cha Tae Sik,4480,7.4,0,0.4,0,86.4,0,5.8
Cha Tae Sik,4483,0,0,3.5,0.5,5.6,0,90.3
Cha Tae Sik,4491,6.4,0,0.4,0,89.3,0,4
Cha Tae Sik,4507,26.1,0,2,0.1,67.2,0,4.7
Cha Tae Sik,4511,0,0,0.6,0.2,22,0,77.2
Cha Tae Sik,4557,0,0,0.7,2.2,95.5,0,1.6
 Jeong So Mi,4560,0,0,0,0,1.5,0,98.5
 Jeong So Mi,4564,0,0,0,0,23.2,0,76.8
 Lam Loan,4617,0.1,0,0,0,99.8,0,0.1
 Jeong So Mi,4619,0,0,0.3,0,97.1,0,2.6
Cha Tae Sik,4627,14.6,0,7.4,0,36.3,0,41.7
Cha Tae Sik,4631,91.2,0,0.1,8.1,0.2,0,0.4
Cha Tae Sik,4638,90.9,0,0.9,0,0.5,0.2,7.5
Cha Tae Sik,4779,5.3,0,57.8,0,20.8,0,16
Cha Tae Sik,4805,0.5,0,19.5,0.3,43.7,0,36
Cha Tae Sik,4807,0,0,0,31,0,0,69
Cha Tae Sik,4812,69.7,13.3,5.4,0.2,9.8,0,1.4
Cha Tae Sik,4823,0,0,0,100,0,0,0
Cha Tae Sik,4869,0,0,0,0,100,0,0
Cha Tae Sik,4872,0,0,0,0,100,0,0
Cha Tae Sik,4901,0.2,0,1.8,0,97.7,0,0.4
Cha Tae Sik,4904,1.4,0,4.6,0.1,7.8,0,86.1
Cha Tae Sik,4925,81.4,0,2.8,4,10.6,0.6,0.7
Cha Tae Sik,4931,0.2,0,5.3,1.4,82.2,3.6,7.4
Cha Tae Sik,4934,3.6,0,0.1,11.1,13.8,0.8,70.7
Cha Tae Sik,4942,0,0,0.1,0,96.5,0,3.3
Cha Tae Sik,4944,0,0,0,0,0,0,100
Cha Tae Sik,4945,0.3,0,4.3,0,30.7,0,64.7
Cha Tae Sik,4954,0,0,98.4,0,1.6,0,0
Cha Tae Sik,4977,3.7,0,0,1.6,35,0,59.7
Cha Tae Sik,5024,0.2,0,0,0,0.7,0,99.1
Cha Tae Sik,5045,2.5,0,0.2,0.3,50.1,0,47
Cha Tae Sik,5062,4.5,0,0.2,0,45.4,0,49.9
Cha Tae Sik,5067,80.2,0,3.6,0.4,14.4,0,1.4
Cha Tae Sik,5072,0.9,0,0,0,7.9,0,91.2
Cha Tae Sik,5074,58.2,0,0,0,8.4,0,33.3
Cha Tae Sik,5075,60.4,0,0,1.7,5,2.3,30.6
Cha Tae Sik,5087,70.5,0,2.6,0,9.5,0,17.4
 Jong Seok,5090,0,0,0,0,3.5,0,96.4
Cha Tae Sik,5092,99.3,0,0.1,0,0.5,0,0.1
 Jong Seok,5093,2.2,0,0,0,63.2,0,34.6
 Jong Seok,5095,1.3,0,11.5,0.2,35.3,0,51.7
Cha Tae Sik,5099,98.6,0,0.9,0,0.4,0,0
Cha Tae Sik,5112,0,0,0,0,100,0,0
Cha Tae Sik,5118,0.4,0.2,0.8,0.8,41.7,0,56.1
Cha Tae Sik,5120,7.3,0,1.7,0,91,0,0
Cha Tae Sik,5130,6.3,0,0.1,0,85.9,0,7.7
Cha Tae Sik,5134,0.1,0,0.1,0,99.8,0,0
Cha Tae Sik,5138,0,0,27.4,0,0.3,0.7,71.6
Cha Tae Sik,5148,0,0,0,0.1,29.9,0,70
Cha Tae Sik,5163,55.4,0,0.2,1.1,24.7,3.2,15.4
Cha Tae Sik,5182,0.1,0,0.5,0,3.3,0,96.1
Cha Tae Sik,5186,0,0,0.1,0,0.9,0,99
Cha Tae Sik,5189,0.1,0,0.9,0,95.2,0,3.8
Cha Tae Sik,5193,2.2,0,0.3,0,67.4,0,30
Cha Tae Sik,5204,0.1,0,0.1,0,12.8,0,87.1
Cha Tae Sik,5207,0,0,0.2,0,92.9,0,6.8
Cha Tae Sik,5228,17.9,0,3.6,0,21.9,0.4,56.2
Cha Tae Sik,5240,56.4,0.1,2.2,0.5,24.5,5.2,11.1
 Jong Seok,5255,0,0,67.8,0,19.9,0,12.3
Cha Tae Sik,5258,23.9,0,1.1,0.7,58.6,0,15.7
 Jong Seok,5260,0,0,99.7,0,0.2,0,0.1
Cha Tae Sik,5262,21.4,0,1.6,0.2,59.5,0.1,17.2
 Man Seok,5293,1,0,0,2.5,0.9,0,95.5
Cha Tae Sik,5301,0.2,0,86.4,0,0.5,0.1,12.9
 Man Seok,5307,3.6,0,0.5,0.1,95.6,0,0.2
Cha Tae Sik,5309,0,0,4.3,0.4,0,0,95.3
Cha Tae Sik,5311,8.7,0,0,5.7,21,0,64.6
 Man Seok,5315,8.4,0,25.3,0,60.3,0,6
Cha Tae Sik,5320,3.9,0,0.1,1.8,39.6,0,54.6
 Man Seok,5322,0,0,3,0,96.9,0,0.1
Cha Tae Sik,5326,1.4,0,0,0.5,15.8,0,82.3
 Man Seok,5330,0.3,0,1.5,0.3,95.8,0,2.1
Cha Tae Sik,5334,4.7,0,25.4,0.2,1.9,0.1,67.8
 Man Seok,5337,0.3,0,92.9,6.7,0,0,0
 Man Seok,5342,90.3,0,0.6,0,9,0,0
 Jong Seok,5363,0,0,8.3,0,0,91.7,0
Cha Tae Sik,5367,2.6,0,0.5,0.2,65.4,0.1,31.3
 Jong Seok,5380,0,0,71.1,0,0.3,13.7,14.9
Cha Tae Sik,5385,5.6,0,4.9,0,77.3,0,12.2
 Jong Seok,5394,0,0,79.2,0.1,0,20.6,0.1
Cha Tae Sik,5397,3.4,0,11.7,0,70,0,14.9
 Jong Seok,5406,2,0,58,0.1,26.9,0,12.9
Cha Tae Sik,5409,1.2,0,1.3,0,96.8,0,0.8
 Jong Seok,5412,0.9,0,82.3,0.1,6,0.7,10
Cha Tae Sik,5418,3.2,0,4.9,0,88.2,0.1,3.5
 Jong Seok,5421,0.2,0,23.5,53.5,0.1,22.5,0.2
Cha Tae Sik,5425,1.7,0,0.6,0,97,0,0.8
 Jong Seok,5443,0,0,6.4,39,0,54.6,0
Cha Tae Sik,5446,0,0,36.1,0.1,0.4,33.5,29.9
 Jong Seok,5447,0.1,0,1.6,0,0.9,7.8,89.6
 Jong Seok,5448,0.2,0,2.3,0,0.8,6,90.7
 Jong Seok,5453,11.1,0,78.5,0.8,0.2,9,0.4
Cha Tae Sik,5454,3,0,0.6,0,36.2,0,60.2
 Jong Seok,5461,0,0,7.6,19.8,11.7,6.7,54.1
 Jong Seok,5465,0.2,0,1.1,0,1.7,5.5,91.5
 Jong Seok,5470,0,0,0.3,0,0.6,4.1,95
 Jong Seok,5486,0,0,0.7,99.3,0,0,0
 Jong Seok,5503,17.9,0,53,25.5,1,2.4,0
 Jong Seok,5508,59.9,0,37.9,1.4,0.8,0,0
 Jong Seok,5510,0,0,62.5,0.3,7.8,22.6,6.9
Cha Tae Sik,5541,0.3,0,0,0,2.2,0,97.4
 Jeong So Mi,5546,0,0,0,0,100,0,0
 Lam Loan,5547,11.6,0,1.5,0,59,0,28
 Jeong So Mi,5560,0.1,0,0.3,0,99.4,0,0.2
Cha Tae Sik,5563,0.4,0,0,0,0.2,0,99.4
Cha Tae Sik,5564,1.1,0,6.7,0,10.6,0,81.6
 Jeong So Mi,5574,3.4,0,94.4,0,2.1,0,0
 Jeong So Mi,5591,0,0,31.5,0,68.4,0,0
 Jeong So Mi,5601,70.3,0,0.1,0.2,11.5,0,17.9
 Lam Loan,5705,24,0,0,0,66.1,0,9.9
 Man Seok,5718,5,0.1,7,42.1,33.1,0.1,12.6
 Lam Loan,5718,1.3,0,97,0,1.7,0,0
 Man Seok,5724,99.4,0,0.5,0,0.1,0,0
 Lam Loan,5726,18.7,0,1.9,0.1,26.8,0,52.5
 Lam Loan,5729,0,0,44.5,0,44.9,0,10.6
Cha Tae Sik,5732,46.3,0,0.5,0,3.6,0,49.5
Cha Tae Sik,5733,89.6,0,10.4,0,0,0,0
Cha Tae Sik,5734,51.9,0,0.4,0,15.7,0,32
 Lam Loan,5736,0,0,59.7,0,24.9,0,15.3
 Man Seok,5741,0.2,0,0.1,0,99.7,0,0
Cha Tae Sik,5744,0,0,17.6,0,82.3,0,0
 Man Seok,5746,18.5,3.6,60.5,0,14.3,0,3.1
Cha Tae Sik,5749,5.9,0,3.1,0.1,33.4,0.2,57.3
 Man Seok,5753,73.2,0,0.6,0,11.9,0,14.2
Cha Tae Sik,5753,0,0,24.1,0,75.9,0,0
 Man Seok,5756,85.5,0.8,7.2,0,5.2,0.1,1.3
Cha Tae Sik,5762,26.5,0,2.3,0,19.6,0,51.5
 Man Seok,5763,69.6,0,0,0,0.1,0,30.2
Cha Tae Sik,5764,2.9,0,81.8,0,15.3,0,0
 Man Seok,5765,2.6,0,0.1,0,48.6,0,48.7
Cha Tae Sik,5768,36,1.8,8.1,0.3,16.5,5.1,32.3
 Man Seok,5769,0,0,0,0,0,0,100
 Man Seok,5773,81.1,0,5.4,0,1.5,0,12.1
Cha Tae Sik,5776,8.1,0,10.1,0,52.4,1.4,28
 Man Seok,5778,0.1,0,18.1,0,81.8,0,0
Cha Tae Sik,5778,2.8,0,14.8,0.7,10.7,0.1,71
Cha Tae Sik,5788,13.2,0,0.9,0,22.1,0,63.8
 Man Seok,5789,2,0,9.4,14.9,19,0.5,54.3
 Lam Loan,5789,1,0,39.3,0,15,0.1,44.5
 Man Seok,5799,88.8,0,9.8,0.4,0.6,0.3,0.2
 Man Seok,5801,6.3,0,87.5,0.1,4.4,0.1,1.6
 Lam Loan,5801,6.1,0,2.2,0,15.1,0,76.6
Cha Tae Sik,5807,0.8,0,1.4,0.1,11.2,0,86.5
 Man Seok,5810,0.8,0,0.7,18.7,7.3,0,72.4
Cha Tae Sik,5812,0.3,0,8.3,0,20.9,0,70.4
Cha Tae Sik,5817,25.3,0,1,73,0.7,0,0
 Man Seok,5836,0.2,0,0.1,2.3,0.9,0,96.5
 Man Seok,5847,1,0,7.7,20.6,19.9,0.4,50.4
 Man Seok,5855,19.6,0.1,1,0,32.7,0,46.6
 Lam Loan,5868,38.9,0,1.1,0,47.7,0,12.3
 Man Seok,5873,11.6,0.1,15.2,2.4,56.1,0.3,14.2
 Man Seok,5882,0,0,0,0,92,0,7.9
Cha Tae Sik,5884,0.1,0,0.2,0.4,14.3,0,85
Cha Tae Sik,5894,14.4,0,0.1,0,0.7,0,84.8
Cha Tae Sik,5899,33.6,0,0,55.6,0.1,0,10.8
 Lam Loan,5900,23.4,0,1,0.1,21.2,0,54.2
 Lam Loan,5904,1.3,0,0,0.9,2.3,0,95.5
 Lam Loan,5905,1.2,0,98.8,0,0,0,0
Cha Tae Sik,5908,6.3,0,5.6,72.2,10.9,0,5
 Man Seok,5909,32.9,0,59.9,6.2,1,0,0
 Lam Loan,5916,9,0,12.6,0,75.2,0,3.2
Cha Tae Sik,5918,0.1,0,11.3,88.1,0,0.6,0
 Lam Loan,5921,94.8,0,0.2,0,3.6,0,1.3
Cha Tae Sik,5927,66.7,0,4,28.9,0.4,0,0.1
Cha Tae Sik,5929,0.2,0,0.1,0,88.5,0,11.2
Cha Tae Sik,5932,95.6,0,0.1,0,0.3,0,4
Cha Tae Sik,5933,0,0,15.9,0,83,0,1
Cha Tae Sik,5938,54.6,0.7,7.3,0.3,35.1,0,1.9
Cha Tae Sik,5939,0.4,0,66.4,0.5,2.8,12,17.8
Cha Tae Sik,5940,0,0,69.6,0,8.4,0,22
Cha Tae Sik,5941,0,0,5.8,0,86.1,0,8.1
 Lam Loan,5944,4,0,0.2,0,16,0,79.7
 Lam Loan,5945,52.7,0,1.9,0.9,19.9,0.5,24
 Lam Loan,5946,0.4,0,1,5.2,84.2,0.1,9.1
 Lam Loan,5948,42,0,24,0.4,4.2,3.4,26
Cha Tae Sik,5952,0,0,89.3,0.2,2.7,0.6,7.1
Cha Tae Sik,5953,2,0,0.4,94.6,0.5,0.1,2.4
Cha Tae Sik,5954,0,0,100,0,0,0,0
Cha Tae Sik,5957,27.4,0,72.6,0,0,0,0
Cha Tae Sik,5960,0.1,0,8.9,51.3,0.2,6.5,33
Cha Tae Sik,5961,0.1,0,99.7,0,0.1,0,0.2
Cha Tae Sik,5963,0,0,0.3,0,99.7,0,0
Cha Tae Sik,5974,0,0,0,23.2,6,0,70.8
Cha Tae Sik,5976,0,0,94.2,0,4.1,0,1.7
Cha Tae Sik,5978,2.3,0,76.1,0,21,0,0.6
Cha Tae Sik,5986,0.1,0,8.6,0,59.5,0,31.9
Cha Tae Sik,5988,0,0,5.8,0,9.8,0,84.4
Cha Tae Sik,5989,0,0,95.3,0,0.2,4.2,0.3
Cha Tae Sik,5992,7.6,0,91.9,0.2,0.3,0,0
Cha Tae Sik,6006,0,0,1.7,0,98.3,0,0
Cha Tae Sik,6008,91.5,7.1,0.9,0,0.1,0,0.3
Cha Tae Sik,6014,0,0,0,1.5,0,1.5,97
Cha Tae Sik,6017,1.1,0.1,16.4,60.7,7.2,0.2,14.4
Cha Tae Sik,6019,0,0,0,99.6,0,0,0.4
Cha Tae Sik,6031,19.6,0.2,2.2,29.7,48,0,0.3
Cha Tae Sik,6039,48.4,2.3,37.9,0.8,9.8,0.1,0.7
Cha Tae Sik,6051,0.1,0,2.9,0,97,0,0
Cha Tae Sik,6059,0.4,0,20.7,1.2,8.7,1,68
Cha Tae Sik,6063,17.3,0,71.5,0,11.1,0,0
Cha Tae Sik,6068,76.1,0,7.6,0,16.2,0,0.1
Cha Tae Sik,6091,7.5,0,2.6,0,85.2,0,4.7
 Man Seok,6105,0.8,0,33.8,0,60.3,0,5.1
 Man Seok,6107,0,0,8.9,0,91.1,0,0
 Lam Loan,6110,32,0,3,0,16.2,0.1,48.7
Cha Tae Sik,6114,1.6,0,0.1,0,8.6,0,89.7
 Lam Loan,6120,5.8,0,0.1,0,7,0,87.1
Cha Tae Sik,6122,3.9,0,3.6,0,64.1,0,28.5
 Lam Loan,6125,1,0,0,0.3,1.4,0,97.3
 Lam Loan,6130,25.3,0,74.7,0,0,0,0
 Lam Loan,6131,9.4,0,0.6,0.1,33.7,0,56.1
Cha Tae Sik,6137,2.2,0,8.4,0,33.3,0,56.1
Cha Tae Sik,6142,9.6,0,7.3,0,62.9,0,20.1
Cha Tae Sik,6143,14.3,0,6.5,0,71.3,0,7.8
 Lam Loan,6144,0,0,80.2,0,19.8,0,0
Cha Tae Sik,6147,4.5,0,76.1,0,9.6,1.3,8.6
 Lam Loan,6148,96,0,3.2,0.2,0.7,0,0
Cha Tae Sik,6151,0,0,0.2,0,97.4,0,2.4
 Lam Loan,6152,13.6,0,1.2,0,81,0,4.2
 Lam Loan,6154,99.9,0,0,0,0.1,0,0
Cha Tae Sik,6159,4.4,0,85.6,0,9.5,0,0.5
Cha Tae Sik,6160,0.6,0,98.4,0,1,0,0.1
 Lam Loan,6161,90.3,0,0,6,3.2,0,0.3
 Lam Loan,6164,21.5,0,65.6,9.3,1.5,2,0.1
 Lam Loan,6165,99.6,0,0,0.2,0.1,0,0
Cha Tae Sik,6166,0.1,0,0,0,46.6,0,53.3
Cha Tae Sik,6168,1.4,0,28.9,0,35.1,0.6,34
 Lam Loan,6169,5.1,0,0.1,74.5,16.3,0,4
Cha Tae Sik,6169,0,0,100,0,0,0,0
Cha Tae Sik,6170,0,0,0,38,0,0,62
Cha Tae Sik,6172,99.5,0,0.5,0,0,0,0
Cha Tae Sik,6174,0,0,100,0,0,0,0
 Lam Loan,6174,0.1,0,55,5.8,29.3,0,9.9
 Lam Loan,6175,98.9,0,0,0,0.2,0,0.9
 Lam Loan,6181,0.1,0,93,0,1.9,0,5
 Lam Loan,6182,31.9,0,11.2,0,51.3,0,5.5
 Lam Loan,6183,0,0,100,0,0,0,0
Cha Tae Sik,6183,0,0,0.1,63,0.1,0,36.8
 Lam Loan,6190,0.7,0,52.2,30.6,1.9,13.1,1.4
Cha Tae Sik,6190,0.1,0,0.8,0.6,90.5,0,7.9
 Lam Loan,6198,0.1,0,4.9,0,0,95,0
Cha Tae Sik,6209,0.1,0,11.8,0,2.7,0,85.3
 Man Seok,6222,0.1,0,0,0,91.6,0.1,8.1
 Man Seok,6224,1.4,0,64.5,0,32.9,0,1.2
 Man Seok,6227,0.2,0.1,0.7,14.2,24.9,0,60
 Man Seok,6235,5.5,0,19.8,0,60.1,0,14.6
Cha Tae Sik,6236,0,0,0,0,100,0,0
 Man Seok,6237,99.7,0,0,0.3,0,0,0
Cha Tae Sik,6239,1.6,0,14.4,0,46.5,0.4,37.1
Cha Tae Sik,6242,63,0,0.1,0,10.7,0,26.1
 Man Seok,6249,0.9,0,93.6,0,5.2,0.2,0.1
 Man Seok,6251,0.2,0,0,98.9,0.1,0,0.8
Cha Tae Sik,6256,1.9,0,0.5,0,97.3,0,0.3
Cha Tae Sik,6261,0.1,0,4.7,0,88.3,0,6.9
Cha Tae Sik,6266,17.5,0,0.6,0,25.7,0,56.1
Cha Tae Sik,6271,2.2,0,0,0.1,3.6,0,94.1
Cha Tae Sik,6273,1.3,0,0.2,0.1,1.8,0,96.6
Cha Tae Sik,6274,26.1,0,0.8,0,23.8,0,49.4
 Man Seok,6276,0.1,0,34.8,0,3.4,2,59.6
Cha Tae Sik,6278,9,0,2,0,83.9,0,5.1
 Man Seok,6279,0.4,0,95.3,0,1.3,0,3
 Man Seok,6281,2.2,0,0.3,77.1,9.1,0,11.2
 Man Seok,6284,0,0,97.4,0,1.6,0,1
Cha Tae Sik,6287,1.9,0,42,0.1,52.9,0.2,2.9
 Man Seok,6290,0,0,4.5,0,95.5,0,0.1
Cha Tae Sik,6291,0.5,0,13.5,0.3,0,71.3,14.4
 Man Seok,6293,3,0,0.7,0,32.2,0,64.1
Cha Tae Sik,6294,0.1,0,97.1,0,0.4,0,2.4
Cha Tae Sik,6296,0.1,0,2,0,1,0.8,96.1
 Man Seok,6297,9.6,0,7.2,0,83.1,0,0.1
 Man Seok,6300,0,0,0,0,100,0,0
Cha Tae Sik,6301,0.4,0,1.5,0,2.1,0.1,95.9
 Man Seok,6304,4.2,0,0.3,0,94.1,0,1.3
 Man Seok,6308,1.3,0,0.2,3.9,2.7,0.2,91.7
 Man Seok,6309,33.4,0,7.3,36.9,12.6,0.6,9.1
 Man Seok,6310,98.2,0,1.8,0,0,0,0
 Man Seok,6314,0.4,0,24.9,74,0.6,0,0.1
Cha Tae Sik,6325,0.1,0,0,87.7,11.6,0,0.6
 Man Seok,6327,0.1,0,69.3,0,1.1,0.3,29.2
 Man Seok,6329,5.1,0,94.7,0.2,0,0,0
Cha Tae Sik,6343,2,0,0,0,0.2,0,97.7
Cha Tae Sik,6345,0.4,0,32,0,56.7,0,10.9
 Man Seok,6348,70.7,0.1,0.3,23.6,3.6,0.5,1.2
 Man Seok,6354,8.8,0,2.3,81.8,0.3,0.2,6.7
Cha Tae Sik,6357,45.4,0,31.2,0,22,0,1.5
 Man Seok,6361,0.6,0,99.4,0,0,0,0
Cha Tae Sik,6362,57.9,0,0.1,39.9,1.6,0,0.5
 Man Seok,6366,8.7,0,0,0,4.4,0,87
 Man Seok,6376,0.6,0,99.2,0,0,0.2,0
Cha Tae Sik,6388,13,0,0.3,0,59.8,0,26.9
Cha Tae Sik,6394,81.6,1.8,14,0,2.1,0,0.5
Cha Tae Sik,6399,1,0,0.1,0,90.3,0,8.6
Cha Tae Sik,6406,0,0,0.5,0.7,98.7,0,0.2
Cha Tae Sik,6418,41.9,0,0.1,1.2,14.3,0.2,42.4
Cha Tae Sik,6421,0,0,14,0,85.7,0,0.3
Cha Tae Sik,6424,0.5,0,6.7,0.2,15.1,0,77.5
Cha Tae Sik,6467,20.6,0,62.6,0.1,15.4,0.5,0.9
Cha Tae Sik,6475,20,0,62.9,0.1,12.1,1.9,2.9
Cha Tae Sik,6502,7.1,0,1.9,6.3,9.2,0,75.5
Cha Tae Sik,6506,0.1,0,0,99.4,0,0,0.6
Cha Tae Sik,6520,0,0,0,100,0,0,0
Cha Tae Sik,6527,27.3,0,1.8,0.1,69.1,0,1.8
 Jeong So Mi,6530,0,0,0.1,0,1.9,0,97.9
Cha Tae Sik,6534,8.6,0,1.7,0,89,0,0.6
Cha Tae Sik,6541,96,0.1,0.8,0.1,1.3,1.3,0.5
 Jeong So Mi,6545,0,0,0.1,0,6.5,0,93.4
Cha Tae Sik,6549,1.7,0,1.9,0,96.4,0,0.1
 Jeong So Mi,6552,0,0,0.3,0,2.4,0.1,97.2
 Jeong So Mi,6559,0,0,0.6,0,99.4,0,0
Cha Tae Sik,6562,0.4,0,1.3,0,97.5,0,0.7
 Jeong So Mi,6564,0,0,0,0,71.4,0,28.5
Cha Tae Sik,6566,0.4,0,0.3,0,98,0,1.3
 Jeong So Mi,6569,0.2,0,0,0,21.9,0,77.9
Cha Tae Sik,6571,0.6,0,0.1,0,9.2,0,90.2
 Jeong So Mi,6573,1.3,0,0,0,41.8,0,56.9
 Jeong So Mi,6576,0,0,0.1,0,72.3,0,27.5
 Jeong So Mi,6578,0,0,0,0,1.8,0,98.2
Cha Tae Sik,6580,2.7,0,0.1,0,95.7,0,1.5
 Jeong So Mi,6583,1.1,0,0.4,0,58.5,0.1,39.8
Cha Tae Sik,6588,0.2,0,3.5,0,81,0,15.2
 Jeong So Mi,6592,2,0,2.4,1.7,93.9,0,0
Cha Tae Sik,6601,0.8,0,1.3,0,91.8,0,6.2
Cha Tae Sik,6613,22.3,0.1,10.4,0,31.5,0,35.7
 Jeong So Mi,6639,4.1,0,0.2,0,49.5,0,46.2
 Jeong So Mi,6675,0,0,7.3,0.2,89.8,0,2.6
Cha Tae Sik,6683,0.3,0,1.1,0,97.4,0,1.2
Cha Tae Sik,6696,13,0,1.8,0,51.5,0,33.7
 Jeong So Mi,6696,0.7,0,0,0,2.3,0,97
 Jeong So Mi,6709,0.5,0,0.8,90.8,0.8,1.2,5.7
Cha Tae Sik,6721,4.1,0,84.4,0,8.7,0.4,2.3
 Jeong So Mi,6731,90.4,0,2,0.4,0.8,0.2,6.4
Cha Tae Sik,6734,3,0,5.7,0.1,9.1,0,82.1
 Jeong So Mi,6740,62.2,0,4.1,0,27.2,0,6.5
Cha Tae Sik,6743,0.1,0,90,0.9,2.9,0,6.1
 Jeong So Mi,6749,65.8,0,0.5,0.1,10.2,0,23.5
Cha Tae Sik,6751,0,0,0,100,0,0,0
 Jeong So Mi,6756,99.5,0,0.3,0,0.2,0,0
Cha Tae Sik,6760,0,0,3.2,0,96.8,0,0
 Jeong So Mi,6768,25.9,0,3.4,0,34.9,0,35.8
Cha Tae Sik,6777,0,0,17.1,0,82.9,0,0
 Jeong So Mi,6794,71.4,0.2,17.3,0.1,9.5,0,1.4
Cha Tae Sik,6797,0,0,40.1,0,59.8,0,0.1
 Jeong So Mi,6802,63,0,0.1,32.5,1.6,0.1,2.8
Cha Tae Sik,6811,0.4,0,17.6,0,65.2,0,16.8
Cha Tae Sik,6813,0,0,21,0,77.4,0,1.5
