name,timestamp,angry,disgust,fear,happy,sad,surprise,neutral
Kim Chi Gon,51,0.1,0,0.2,0,94.1,0,5.7
Kim Chi Gon,52,0,0,4.3,0,84.4,0.1,11.2
Bear,98,0.1,0,0.1,30.5,5.4,0,63.9
Bear,99,26.2,0,70.3,0,0.9,0,2.6
Bear,100,88.7,0,0.3,0,1.1,0,9.9
Park Hyo Jeong,106,3.3,0,84.7,0,10.6,0,1.4
Park Hyo Jeong,107,0,0,0.7,0,99.3,0,0
Park Hyo Jeong,108,0.1,0,0.5,0,88.4,0,11
Park Hyo Jeong,109,0.4,0,0.9,0,98.5,0,0.1
Park Hyo Jeong,111,1.5,0,0,0,0.9,0,97.5
Park Hyo Jeong,113,0.1,0,1.1,0,86.2,0,12.5
Park Hyo Jeong,114,32.7,0,0.3,4.8,4.1,0,58
Park Hyo Jeong,115,0,0,0.6,0,99.4,0,0
Park Hyo Jeong,122,0.1,0,0.1,0,1.3,0,98.4
Park Hyo Jeong,123,0.1,0,0.1,0,95.7,0,4
Bear,125,3.6,0,0.8,0.4,16.9,0,78.2
No Myung Soo,131,3.8,0,0,17.8,33.9,0,44.4
Kim Chi Gon,142,0,0,0,0,0.1,0,99.9
Kim Chi Gon,143,0,0,0.1,0,0.9,0,99
Kim Chi Gon,144,0,0,0,0,7.4,0,92.5
Kim Chi Gon,145,0.1,0,2.3,0,97.1,0,0.5
Bear,147,0,0,22.4,71.4,2.3,0,4
Bear,161,2.1,0,1,0,46.2,0,50.7
Bear,164,1.7,0,8.4,0,47,0.1,42.8
No Myung Soo,165,0.7,0,0,1.5,12.3,0,85.5
Park Hyo Jeong,183,1.9,0,86.1,0,12,0,0
Park Hyo Jeong,196,0.8,0,0,0,30.2,0,69
Park Hyo Jeong,202,0,0,0,0,100,0,0
Bear,216,0,0,0,0,99.8,0,0.2
No Myung Soo,219,0.3,0,0,0.1,14.2,0,85.4
Kim Chi Gon,221,2.1,0,7.7,0,88.1,0,2.1
Kim Chi Gon,224,8.7,0,0.2,0,11.1,0,80
Kim Chi Gon,225,86.1,0,0,0,2.4,0,11.5
No Myung Soo,228,0,0,0,98.9,1,0,0
No Myung Soo,230,8.4,0,41.8,12,34.7,1.7,1.4
No Myung Soo,231,99.1,0,0.5,0.2,0.1,0,0
Bear,232,94,0.1,4.1,0.8,0.5,0.2,0.4
No Myung Soo,234,0.1,0,1.1,0,98.9,0,0
Kim Chi Gon,238,0,0,0,0.2,99.8,0,0.1
Kim Chi Gon,239,0,0,0,0,100,0,0
Bear,246,0.1,0,0,0.1,21.7,0,78.1
Bear,247,0.1,0,79.9,13.3,6.7,0,0
Bear,257,3.6,0,0,1.8,32,0,62.6
Bear,259,0.4,0,0,3.2,57.8,0,38.6
Kim Chi Gon,262,58.5,0,8.1,15.9,10.7,0.3,6.5
Cha Tae Sik,263,0.7,0,95.2,0,0.5,0.2,3.5
Kim Chi Gon,266,0,0,0.1,63.4,26.3,0,10.2
Kim Chi Gon,268,1.8,0,33.9,0,0.2,28.2,35.9
Bear,270,92.7,0,0,0.2,0.2,0,7
Kim Chi Gon,271,0,0,0.1,1.3,93.3,0,5.3
Kim Chi Gon,273,0,0,0,100,0,0,0
Bear,276,0,0,0,0,0.1,0,99.9
Kim Chi Gon,278,0,0,0,100,0,0,0
No Myung Soo,289,0,0,2.9,0,97,0,0.1
No Myung Soo,290,6.2,0,0.1,18.2,75.5,0,0
Kim Chi Gon,294,0,0,2.2,0,94.9,0,2.9
Kim Chi Gon,298,0.2,0,0,99.8,0,0,0
Kim Chi Gon,304,6.9,0,87.9,0,0.7,3.8,0.7
Park Hyo Jeong,310,2.9,0,0,4.5,92.1,0,0.5
Park Hyo Jeong,311,0.2,0,3.3,96.4,0.1,0,0
Nam Seong Sik,313,76.1,0,0,0,0.4,0,23.4
Nam Seong Sik,314,10.4,0,0,0.4,47.2,0,41.9
Nam Seong Sik,315,0.1,0,0,98.4,0.4,0,1.1
Nam Seong Sik,316,0.2,0,0,66.7,3,0,30
Cha Tae Sik,348,0.2,0,0.2,0,80.6,0,19
Cha Tae Sik,364,0.4,0,0,0,98.8,0,0.7
Cha Tae Sik,367,0,0,0,0,99.8,0,0.2
Cha Tae Sik,372,0,0,0,0,99.8,0,0.1
Jeong So Mi,382,5.3,0,15.3,1.6,77.1,0,0.6
Jeong So Mi,383,0,0,0,99.6,0.4,0,0
Jeong So Mi,384,0,0,0,100,0,0,0
Jeong So Mi,385,0,0,0,0.1,99.9,0,0
Cha Tae Sik,386,0,0,0.1,0,99.9,0,0
Cha Tae Sik,387,0,0,0,0,99.9,0,0.1
Jeong So Mi,424,0,0,5.4,0,94.6,0,0
Cha Tae Sik,430,2.7,0,0,1.2,15.5,0,80.7
Cha Tae Sik,432,1.3,0,0,3.8,92.7,0,2.2
Jeong So Mi,437,78.2,0.3,3.1,0,16.4,0,2
Jeong So Mi,438,62.4,0,3.6,0,22,0,12
Cha Tae Sik,442,60,0,0,0.1,30.6,0,9.3
Jeong So Mi,453,4,0,1.5,53.5,0.2,3.8,36.9
Cha Tae Sik,456,11.1,0,0,0.2,8.5,0.1,80
Jeong So Mi,459,13.8,0,2.2,0,83.1,0,0.9
Jeong So Mi,464,3.9,0,1.7,0,94.3,0,0.1
Cha Tae Sik,470,10.6,0,0.1,4.3,73.1,0.1,11.7
Cha Tae Sik,471,4.1,0,0,0.5,94.9,0,0.5
Jeong So Mi,478,0.1,0,0,41.5,0.5,0,58
Cha Tae Sik,481,0,0,0,0,99.8,0,0.2
Jeong So Mi,483,0.1,0,0,0,13,0,86.8
Jeong So Mi,488,0.5,0,0,0,15.6,0,83.9
Jeong So Mi,489,1.4,0,1.6,0,96.8,0,0.2
Cha Tae Sik,491,0.1,0,0.1,0,70.7,0,29.2
Jeong So Mi,494,0,0,0,0,0.1,0,99.9
Cha Tae Sik,507,0.7,0,0.6,0,96.4,0,2.4
Jeong So Mi,513,0,0,0,0,0.1,0,99.9
Cha Tae Sik,520,0.1,0,0.1,0,98.9,0,0.9
Jeong So Mi,524,0.9,0,0.4,0,6.4,0,92.3
Jeong So Mi,526,0.4,0,0,13.6,1.4,0,84.5
Cha Tae Sik,527,0,0,0,0,89.6,0,10.3
Cha Tae Sik,534,0,0,0,0,100,0,0
Park Hyo Jeong,535,0,0,0.1,0,99.9,0,0
Cha Tae Sik,538,0,0,0,0,99.2,0,0.8
Park Hyo Jeong,541,0.1,0,0.4,0,93,0,6.5
Cha Tae Sik,543,0,0,0,0,98.4,0,1.6
Park Hyo Jeong,547,0.3,0,8,0,86.1,0,5.7
Jeong So Mi,548,82.7,1.1,0.6,0.1,15.1,0,0.4
Cha Tae Sik,550,0,0,0,0,1.2,0,98.8
Park Hyo Jeong,551,0,0,0,0,51.2,0,48.7
Cha Tae Sik,553,0,0,0,14.8,81.6,0,3.6
Jeong So Mi,558,7,0,0,1.1,1.6,0.1,90.1
Cha Tae Sik,560,0,0,0,0,95.5,0,4.4
Cha Tae Sik,563,0,0,0,0.1,39.5,0,60.3
Park Hyo Jeong,569,0.5,0,1.3,0.1,40.2,0,57.9
Cha Tae Sik,572,0,0,0,0,91.9,0,8.1
Cha Tae Sik,574,0,0,0.1,0,30.8,0,69
Cha Tae Sik,575,48.9,0,0,0.4,45.5,0,5.2
Park Hyo Jeong,577,5.6,0,0.6,0,31.3,0,62.4
Park Hyo Jeong,579,2.5,0,4,0.1,35.5,0,58
Park Hyo Jeong,587,0.6,0,8.5,0,77.8,0,13.1
Cha Tae Sik,594,0.6,0,0,0.2,46.5,0,52.7
Park Hyo Jeong,597,2.1,0,1.1,0,11.3,0,85.5
Cha Tae Sik,606,35,0,0.1,0,31,0,33.9
Park Hyo Jeong,609,0.5,0,0.2,0.1,82.9,0,16.2
Park Hyo Jeong,611,0,0,4.4,0.2,89.6,0,5.9
Park Hyo Jeong,614,0.2,0,0,0.9,2.2,0,96.7
Cha Tae Sik,619,37.8,0,0.7,0,17.9,0.7,42.8
Park Hyo Jeong,622,0.7,0,51.7,0,46.9,0,0.7
Jeong So Mi,632,0.3,0,0.4,71.5,11.8,0.4,15.7
Jeong So Mi,633,0,0,0,99.9,0,0,0.1
Cha Tae Sik,635,15,0,0.2,0.4,84.4,0,0
Cha Tae Sik,636,0,0,0,0,98.2,0,1.8
Cha Tae Sik,638,48.8,0,0,1.1,36.5,0,13.6
Jeong So Mi,642,33.8,0,0,0,14.3,0,51.9
Jeong So Mi,643,4.4,0,0,0,4.8,0,90.8
Cha Tae Sik,645,69.3,0,0,1.8,9.4,0.6,18.9
Jeong So Mi,649,0,0,0.1,0.1,0,0,99.8
Jeong So Mi,651,0.8,0,0.1,0,14.5,0,84.7
Jeong So Mi,652,0.3,0,0,0.1,0,0,99.5
Jeong So Mi,656,0,0,0,0,0,0,100
Bear,665,8.9,4.2,0.4,0,58.3,0,28.2
Bear,666,2.1,0,0.7,0,56.4,0,40.8
Kim Chi Gon,667,0,0,2.3,0,97.7,0,0
Kim Chi Gon,668,0,0,3.8,0.9,71.9,0,23.4
Kim Chi Gon,669,0,0,37.8,0,62.2,0,0
Kim Chi Gon,670,0.1,0,0,11.8,85,0,3.1
Bear,672,0,0,0,0.1,0,0,99.9
Kim Chi Gon,673,5.2,0,0.4,0,9.7,0,84.8
Bear,675,0,0,0,19.6,0.8,0,79.6
Kim Chi Gon,676,7.6,0,0.1,4.3,35.7,0,52.2
Bear,679,0.6,0,0,0.2,12.9,0,86.3
Kim Chi Gon,679,0,0,0,0,6.6,0,93.4
Kim Chi Gon,686,0,0,0,0,17.6,0,82.4
Kim Chi Gon,687,1,0,0,0,29.3,0,69.7
Kim Chi Gon,688,0,0,0,0,39.6,0,60.3
Bear,691,66.6,0,0.5,0.1,0.9,0,31.9
Man Seok,693,81,0,3.2,0,15.1,0,0.6
Oh Myung Gyu,694,2.4,0,0,0.4,2.3,0,94.9
Man Seok,696,0.1,0,0.5,0,99.3,0,0
Oh Myung Gyu,700,0,0,0,0,99.9,0,0.1
Man Seok,704,83.3,0,6.8,9.6,0.1,0.1,0
Oh Myung Gyu,706,53.3,0,0,0,8.6,0,38.1
Man Seok,709,5.4,0,23.6,0,7.7,0,63.3
Oh Myung Gyu,714,15.4,0,0,0,59.6,0,24.9
Oh Myung Gyu,720,20.9,0,0,0,6.2,0,72.9
Bear,724,7.5,0,0.1,0,61.5,0,30.9
Man Seok,726,7.4,0,3.8,0,88.6,0,0.2
Man Seok,727,91.8,0,0,1,2.3,0,4.9
Bear,728,1.4,0,0,0,5.9,0,92.6
Bear,729,0.6,0,0,0,43.5,0,55.9
Lam Loan,730,8.3,0,0.5,0,43.8,0,47.5
Bear,732,3.4,0,4.2,0,33,2.9,56.6
Oh Myung Gyu,735,0,0,0.9,3.6,6.1,0,89.4
Man Seok,742,9.2,0.1,1.5,16,52.1,0,21.1
Oh Myung Gyu,744,45.4,0,0,0,41.9,0,12.6
Man Seok,754,90,0.6,5.5,0,1.9,0.9,1.1
Oh Myung Gyu,757,4.8,0,0,2.6,31.1,0,61.4
Oh Myung Gyu,761,0.6,0,0,0,4.7,0,94.8
Oh Myung Gyu,762,1.4,0,0,0,7.7,0,90.9
Man Seok,762,22.2,0,37.3,0,40.5,0,0
Oh Myung Gyu,765,92.4,0,0.1,0,5.3,0,2.2
Man Seok,765,8.9,0,90.3,0,0.8,0,0
Oh Myung Gyu,767,9.7,0,3.6,0.9,85.1,0,0.7
Man Seok,767,8.6,0,91.3,0,0.1,0,0
Man Seok,771,18.4,0,0.2,0,21.6,0,59.8
Man Seok,776,91.6,0,0.1,0,2.6,0,5.6
Man Seok,779,0,0,0,0,14.7,0,85.3
Park Hyo Jeong,785,23.7,0,0.9,0.4,64.9,0,10.1
Park Hyo Jeong,789,7.7,0,1.3,0,90,0,1
Nam Seong Sik,791,7.3,0,0.1,0.2,4.3,0,88.1
Park Hyo Jeong,793,0.1,0,0.1,0,99.5,0,0.3
Nam Seong Sik,799,0,0,0,0,0.1,0,99.8
Nam Seong Sik,804,10.7,0,87.6,0.2,1.1,0.3,0.1
Park Hyo Jeong,804,1.5,0,0,12.3,2.5,0,83.7
Nam Seong Sik,805,0.4,0,0,0,1.2,0,98.4
Park Hyo Jeong,805,85.5,0,0.1,9.1,4.4,0,1
Park Hyo Jeong,811,0.7,0,0,9.1,0,0,90.1
Nam Seong Sik,817,0,0,0,0,99.7,0,0.3
Park Hyo Jeong,817,0,0,0,0,0,0,99.9
Park Hyo Jeong,823,14,0.1,2.1,1.1,45.6,0,37.3
Park Hyo Jeong,825,0,0,0,0,100,0,0
Nam Seong Sik,825,0.1,0,0.2,0.1,92.3,0,7.4
Nam Seong Sik,827,0.5,0.2,0.1,0,29.5,0,69.6
Jeong So Mi,833,0.4,0,0.1,0,86,0,13.5
Jeong So Mi,842,1.8,0,0,0,79.6,0,18.6
Jeong So Mi,848,0,0,0.1,0,99.9,0,0
Park Hyo Jeong,859,0.1,0,0,86.3,0,0,13.5
Jeong So Mi,874,13.1,0,76.6,0.4,3.4,1.3,5.2
Cha Tae Sik,892,0,0,0,0.8,99.2,0,0
Cha Tae Sik,896,0.1,0,0,0.2,98.8,0,0.9
Cha Tae Sik,900,0.4,0,0,0,38.3,0,61.3
Cha Tae Sik,901,5.4,0,0,0.1,25.5,0,69
Cha Tae Sik,904,0,0,0,0,100,0,0
Cha Tae Sik,908,0,0,0,0,100,0,0
Cha Tae Sik,914,28.1,0.1,1.3,0,68.3,0,2.2
Cha Tae Sik,915,21.6,0.1,0.1,0,16.7,0,61.5
Jeong So Mi,929,0,0,91.5,0,8.5,0,0
Jeong So Mi,933,36.8,0,0,0.1,33.5,0.2,29.5
Cha Tae Sik,939,20.6,0,0,0.1,46.4,0.3,32.6
Jeong So Mi,942,0.5,0,53.3,1.5,0.1,44,0.6
Cha Tae Sik,945,3.8,0,0.1,0.5,91,0.1,4.6
Cha Tae Sik,946,47.3,0,0.2,0.2,45.3,0.4,6.5
Jeong So Mi,952,0,0,0,0,99.9,0,0
Jeong So Mi,953,0,0,35.2,0,64.8,0,0
Jeong So Mi,954,16.6,0,0.6,0,77.6,0,5.1
Cha Tae Sik,957,6.5,0,0.3,0.2,16.7,0,76.3
Jeong So Mi,960,0,0,11.2,3.1,85.7,0,0
Cha Tae Sik,971,29.4,0,0.4,0,58.3,0,11.9
Cha Tae Sik,974,0,0,0,0,100,0,0
Jeong So Mi,975,3.4,0,0.7,0,95,0,0.9
Cha Tae Sik,1009,0,0,0,0,3.1,0,96.9
Cha Tae Sik,1010,0,0,0,0,100,0,0
Cha Tae Sik,1018,0,0,0,0,100,0,0
Cha Tae Sik,1042,0,0,0,0,100,0,0
Cha Tae Sik,1045,0,0,0,80.2,19.8,0,0
Cha Tae Sik,1046,0,0,0,99.7,0.3,0,0
Cha Tae Sik,1049,0,0,0,100,0,0,0
Cha Tae Sik,1050,0,0,0,98.8,1.1,0,0.1
Cha Tae Sik,1051,0,0,0,78.9,6.6,0,14.5
Cha Tae Sik,1052,0,0,0,0,82.4,0,17.6
Cha Tae Sik,1053,0,0,0,0,100,0,0
Cha Tae Sik,1072,0,0,0,0,100,0,0
Cha Tae Sik,1103,0,0,3,0,96.1,0,0.9
Cha Tae Sik,1109,0.2,0,2.3,0,13.7,0,83.8
Jeong So Mi,1116,0,0,96.4,0,3.6,0,0
Jeong So Mi,1117,3.7,0,84.4,0,11.9,0,0
Jeong So Mi,1118,0,0,1.5,0,98.5,0,0
Cha Tae Sik,1120,0.2,0,0.5,0.1,3.7,0,95.6
Jeong So Mi,1125,0.3,0,98.2,0,1.5,0,0
Cha Tae Sik,1126,0,0,0,0,17.2,0,82.7
Jeong So Mi,1128,0,0,100,0,0,0,0
Jeong So Mi,1132,0,0,99.9,0,0.1,0,0
Jeong So Mi,1145,0,0,0,0,100,0,0
Cha Tae Sik,1151,0.1,0,0.1,0,30.2,0,69.7
Jeong So Mi,1153,0,0,99.9,0,0.1,0,0
Jeong So Mi,1155,0,0,75.3,0,24.7,0,0
Jeong So Mi,1156,0,0,87.8,0,12.2,0,0
Jeong So Mi,1157,0,0,99.2,0,0.8,0,0
Jeong So Mi,1158,0,0,0.6,0,99.4,0,0
Cha Tae Sik,1159,0,0,0,0,5,0,95
Cha Tae Sik,1160,0,0,50.4,0,35.1,0,14.4
Jeong So Mi,1166,0,0,16.3,0.3,70.8,0,12.6
Lam Loan,1183,0.2,0,3.6,0.1,77.6,0,18.5
Jong Seok,1191,0,0,3,0,0.2,0,96.7
Jong Seok,1201,28,0,0.3,0,71.2,0,0.4
Jong Seok,1202,5.5,0,0.6,0.2,93.1,0,0.5
Jong Seok,1204,0,0,5.6,0,94.3,0,0.1
Jong Seok,1205,0,0,0,2.2,97.8,0,0
Man Seok,1210,33.3,0,43.1,2.3,2,12.1,7.2
Man Seok,1211,1.1,0,0.1,0.5,63.1,0,35.2
Jong Seok,1212,0.5,0,0.2,0,80.9,0,18.4
Man Seok,1217,1.5,0,94,0,4.4,0,0.1
Man Seok,1220,0,0,79,0,21,0,0
Jong Seok,1221,0,0,0,1.6,0.5,0,97.9
Man Seok,1227,0.2,0,83.6,0,5.4,0,10.8
Man Seok,1228,0.1,0,99.9,0,0,0,0
Old Man,1241,75.5,0,0,13.3,0.9,0,10.3
Old Man,1245,7,0,0,0,68.3,0,24.7
Jeong So Mi,1246,0,0,0.1,0,99.9,0,0
Jeong So Mi,1255,67.3,0.1,1.2,1.8,13.8,2.8,13
Cha Tae Sik,1258,0,0,37.5,0,62.5,0,0
Cha Tae Sik,1263,0.1,0,26.7,1.8,68.9,0,2.5
Jeong So Mi,1267,19,0,26.6,0,51.7,0,2.7
Jeong So Mi,1271,0.1,0,8.5,0,91.4,0,0
Cha Tae Sik,1275,0,0,0,0,1.8,0,98.2
Old Man,1276,0,0,0,0,1.2,0,98.7
Cha Tae Sik,1279,0,0,0,0,4.1,0,95.8
Cha Tae Sik,1282,45.7,0,0,0,10.9,0,43.4
Old Man,1284,97.1,0,0,0,1.6,0,1.3
Cha Tae Sik,1292,53,0,0,0,7.5,0,39.5
Old Man,1299,0.6,0,0.3,0,55.6,0,43.5
Cha Tae Sik,1305,0.8,0,0,0,98.8,0,0.4
Jeong So Mi,1317,47.2,0,0,0.9,38,0.6,13.3
Cha Tae Sik,1329,5.9,0,0.1,0,91.5,0,2.5
Jeong So Mi,1334,12.6,0,0,0.1,76,0,11.4
Cha Tae Sik,1346,0.3,0,0.1,0,99.5,0,0
Jeong So Mi,1358,0.1,0,0,0,0.3,0,99.6
Jeong So Mi,1359,0,0,0,0,0,0,100
Cha Tae Sik,1361,1.7,0,0.1,0,97,0,1.2
Jeong So Mi,1363,1.9,0,0.6,0.2,2.1,0,95.2
Jeong So Mi,1365,0.2,0,0,0,0.2,0,99.7
Cha Tae Sik,1368,0,0,0.1,0,95.1,0,4.8
Cha Tae Sik,1369,0.1,0,6.3,0,93.4,0,0.2
Jeong So Mi,1370,0.1,0,0.1,0.8,0.3,0.1,98.7
Jeong So Mi,1380,6.1,0,0.1,0,2.9,0,90.9
Cha Tae Sik,1387,0.7,0,13.2,0,77.9,0,8.3
Jeong So Mi,1390,0,0,0,0,0.2,0,99.8
Cha Tae Sik,1394,0.8,0,5.5,0,80.7,0,13
Jeong So Mi,1397,0.3,0,0,0.3,1.4,0,97.9
Jeong So Mi,1398,0,0,0,0.1,0.2,0,99.7
Jeong So Mi,1399,1.2,0,0.8,4.3,3.7,0.1,89.9
Cha Tae Sik,1412,0,0,0,0,95,0,4.9
Jeong So Mi,1414,0,0,0,0,100,0,0
Cha Tae Sik,1422,0,0,0,0,88.7,0,11.3
Jeong So Mi,1432,2,0,0,0,97.5,0,0.5
Jeong So Mi,1437,0.1,0,0,0,2.7,0,97.2
Jong Seok,1443,0.1,0,0.5,0.2,0,91,8.1
Park Hyo Jeong,1443,0.3,0,76.4,6.2,6.5,0.5,10
Jong Seok,1449,2.6,0,2.3,0.1,94.6,0,0.3
Jeong So Mi,1450,0,0,0,0,0.1,0,99.9
Jeong So Mi,1458,0,0,0,0,0.2,0,99.8
Jeong So Mi,1459,0,0,0,0,0,0,100
Jeong So Mi,1463,0,0,0.1,0,80.1,0,19.9
Lam Loan,1464,3.6,0,0,0,16.2,0,80.2
Park Hyo Jeong,1465,0.4,0,0.1,0,99.4,0,0
Jeong So Mi,1466,0.1,0,0,0,0,0,99.9
Lam Loan,1476,0,0,0.1,0.1,3.7,0,96
Park Hyo Jeong,1480,0.1,0,0,0.6,0.3,0,99
Cha Tae Sik,1487,0,0,0,0,99.9,0,0
Cha Tae Sik,1499,6.7,0,0.1,0.2,85.2,0,7.8
Cha Tae Sik,1500,0,0,0.2,0,87.6,0,12.3
Bear,1501,12.2,0,3.5,0,47.2,0,37.2
Kim Do Chi,1501,0,0,0,88.7,0,0,11.2
Kim Do Chi,1506,3,0,1.8,0,88.5,0,6.6
Cha Tae Sik,1507,0,0,0,0,6.1,0,93.9
Kim Do Chi,1509,1.8,0,0.3,0,84.3,0,13.7
Cha Tae Sik,1512,0,0,0,0,12.4,0,87.6
Kim Do Chi,1518,4.7,0,15.2,50.7,12,0.6,16.8
Kim Do Chi,1525,0,0,2.9,0,96.8,0,0.3
Bear,1525,60.1,0,4.4,0.1,7.4,0.6,27.3
Kim Do Chi,1527,0.2,0,0.9,0,96.5,0,2.4
Bear,1530,1.9,0,0.1,0,12.4,0,85.7
Kim Do Chi,1530,1.7,0,0.2,0,85,0,13.1
Cha Tae Sik,1531,0.2,0,0.2,0,30,0,69.5
Bear,1534,2.8,0,34.9,0,50.2,0,12.2
Kim Do Chi,1534,1.2,0,20.1,1.5,3.6,73.5,0
Kim Do Chi,1537,0.1,0,0.1,0,99.5,0,0.3
Bear,1537,7.7,0,0.1,0,1.2,0,91
Kim Do Chi,1538,1.4,0,0,0,98.2,0,0.4
Jong Seok,1555,0,0,0.1,0,99.9,0,0.1
Kim Do Chi,1565,1,0,0,0,36.5,0,62.4
Cha Tae Sik,1567,0,0,0,0,99,0,1
Lam Loan,1569,0.1,0,0,0,2,0,98
Cha Tae Sik,1574,0.1,0,0,0,99.9,0,0.1
Lam Loan,1576,0.3,0,0.1,0,7.5,0,92.1
Cha Tae Sik,1579,0.1,0,0,0,99.2,0,0.7
Lam Loan,1582,3.3,0,2.1,0,58.8,0,35.8
Cha Tae Sik,1583,0,0,0,0,99.9,0,0.1
Cha Tae Sik,1586,0,0,0.6,0,99.4,0,0
Cha Tae Sik,1601,0,0,0,10.8,86.6,0,2.6
Jong Seok,1610,0,0,0,0,69.4,0,30.6
Cha Tae Sik,1616,0,0,0.7,0,99.3,0,0
Jong Seok,1618,0,0,0,0,100,0,0
Cha Tae Sik,1623,0,0,0,0,100,0,0
Jong Seok,1629,56.2,0,0,0.6,26.6,0.4,16.2
Jong Seok,1635,0,0,0.1,0,98.4,0,1.5
Jong Seok,1642,0,0,0,0.3,0,0,99.7
Lam Loan,1649,3.3,0,22.7,0,73.3,0,0.7
Kim Do Chi,1649,0.1,0,0.1,0,90.9,0,9
Cha Tae Sik,1651,0,0,0.8,0,99.1,0,0.1
Lam Loan,1653,2.8,0,0.2,0,41.7,0,55.3
Cha Tae Sik,1659,0,0,0.2,0,99.8,0,0
Lam Loan,1661,0.2,0,0,0,1.5,0,98.3
Cha Tae Sik,1667,0,0,0.3,0,99.7,0,0
Cha Tae Sik,1672,0.2,0,0.8,0,98.9,0,0.1
Lam Loan,1673,0,0,0,0,0,0.2,99.8
Kim Do Chi,1673,3.3,0,1.3,0,45.7,0,49.7
Cha Tae Sik,1678,0,0,0.9,0,99.1,0,0
Cha Tae Sik,1679,0.9,0,3.5,0,95.4,0,0.3
Lam Loan,1680,5.8,0,0,0,13.6,0,80.5
Lam Loan,1681,3.4,0,0,0,4.6,0,91.9
Cha Tae Sik,1686,0.1,0,1.5,0,98.3,0,0
Lam Loan,1690,2.4,0,0,0,6.9,0,90.7
Lam Loan,1702,0.3,0,99.6,0,0.1,0,0
Lam Loan,1704,9.4,0,35,0.3,40.5,0,14.8
Lam Loan,1714,2.1,0,2.9,0,87.8,0,7.1
Lam Loan,1715,0.7,0,0.9,0,91.3,0,7.1
Cha Tae Sik,1719,3.1,0,0.2,0,95.5,0,1.2
Cha Tae Sik,1723,2.6,0,0,76.5,20.6,0,0.3
Cha Tae Sik,1728,8.7,0,0,0.1,80.6,0,10.5
Cha Tae Sik,1729,0,0,0,0,0,0,100
Cha Tae Sik,1730,98.2,0,0.2,0,1.6,0,0
Jeong So Mi,1735,96.1,0,0.2,0.5,3.2,0,0
Jeong So Mi,1736,80.3,0,0.3,4.5,12.9,0,1.9
Cha Tae Sik,1738,0.1,0,0.5,0.1,7.9,0.1,91.4
Cha Tae Sik,1739,37,0,1,0.2,28.3,0,33.5
Cha Tae Sik,1740,0.6,0,1.2,0,39.3,0,58.8
Cha Tae Sik,1744,38.7,0,0.5,0,24.4,0,36.3
Cha Tae Sik,1753,1.2,0,0.1,0,20.8,0,77.9
Jeong So Mi,1754,2.1,0,0,0.1,1.5,0,96.3
Jeong So Mi,1755,66.9,0.2,1.6,3.9,25.3,0,2
Jeong So Mi,1756,2.9,0,0,0.2,1.1,0,95.9
Cha Tae Sik,1757,0,0,0.1,0,51.5,0,48.3
Jong Seok,1762,68.8,0.7,4.6,0,18.9,0,7.1
Jong Seok,1763,35.5,0,58.9,0.4,5,0.1,0.2
Jong Seok,1765,37.5,0,16.3,0.9,31.4,2.5,11.4
Jong Seok,1766,0.1,0,0,0,1.7,0,98.2
Jong Seok,1767,0.3,0,88.7,0.1,10.5,0.1,0.3
Jong Seok,1772,5.3,0,83.5,0.2,10.3,0.3,0.3
Jong Seok,1773,0.3,0,87.9,0,11.7,0,0.1
Jong Seok,1774,2.6,0,56,0.1,40.9,0,0.4
Kim Do Chi,1774,0,0,91.4,0.3,0.3,7.9,0.2
Lam Loan,1775,0,0,0.1,0,99.8,0,0.1
Kim Do Chi,1775,0,0,0.3,0,99.5,0,0.2
Lam Loan,1776,0,0,0.1,0,99.9,0,0
Lam Loan,1777,0,0,0,0,100,0,0
Lam Loan,1778,0,0,0.1,0,99.9,0,0
Kim Do Chi,1778,0,0,0.4,0,98.4,0,1.2
Jong Seok,1779,15.7,0,66,0.1,15.9,0.1,2.1
Jong Seok,1781,0,0,0,0,0,0,100
Jeong So Mi,1785,0,0,100,0,0,0,0
Lam Loan,1787,0.5,0,0,0.6,0.8,0,98
Jong Seok,1787,14.1,0,55.5,0,30.4,0,0
Lam Loan,1788,9,0,15.3,0,62.6,0,13.1
Jong Seok,1788,22.9,0,74.7,0,2.4,0,0
Jong Seok,1789,0.4,0,95.7,0,3.9,0,0
Lam Loan,1789,1,0,9.3,1,88.6,0,0.1
Lam Loan,1791,4.2,0,13.7,1.1,80.9,0,0
Jong Seok,1791,0,0,0.3,0,99.7,0,0
Lam Loan,1792,1,0,17.4,0.2,81.4,0,0
Jong Seok,1792,0,0,92.1,0.3,6.3,0,1.3
Cha Tae Sik,1848,24.8,0,0,0.1,71.3,0,3.8
Cha Tae Sik,1860,0.4,0,0.1,0.5,57.6,0,41.4
Cha Tae Sik,1865,71.3,0,0.3,6.4,6,4.8,11.2
Cha Tae Sik,1866,23.7,0,0.3,2.6,49,0,24.4
Man Seok,1875,7.2,0,1.8,3.3,56.2,0.4,31
Jong Seok,1875,4,0,21.2,3.3,14.2,0.5,56.7
Man Seok,1887,0.8,0,1.6,0.1,0.8,3.1,93.7
Jong Seok,1887,0,0,0,0.4,0,0,99.6
Man Seok,1888,1.3,0,0.6,0,3.2,0,94.8
Cha Tae Sik,1904,0,0,0,3.7,96.3,0,0
Cha Tae Sik,1907,0.2,0,88.4,10.7,0.6,0,0
Cha Tae Sik,1908,0,0,0,0,100,0,0
Cha Tae Sik,1927,0,0,0.6,0,99.4,0,0
Cha Tae Sik,1928,7.8,0,0,0.4,22.6,0,69.1
Cha Tae Sik,1929,0,0,0,0,14.2,0,85.8
Cha Tae Sik,1930,0.6,0,0,93.9,0.6,2.7,2.2
Cha Tae Sik,1933,91,0.1,0.3,0,8.6,0,0
Cha Tae Sik,1935,0,0,0,0,1.1,0,98.9
Man Seok,1946,0,0,0.1,23.2,61.7,0,15
Jong Seok,1946,0,0,0.3,0,97.6,0,2
Cha Tae Sik,1952,0.7,0,0,0.1,96.8,0,2.3
Man Seok,1957,0.1,0,0.1,0.1,99.2,0,0.5
Jong Seok,1957,0,0,0,0.1,0.4,0,99.5
Cha Tae Sik,1967,69.7,0,7.1,0,22.8,0,0.4
Cha Tae Sik,1975,100,0,0,0,0,0,0
Cha Tae Sik,1981,62.7,0,20.7,15.9,0.6,0,0
Cha Tae Sik,1989,0.6,0,0,0,3.9,0,95.5
Cha Tae Sik,1993,6.8,0,0,0.1,77.3,0,15.8
Cha Tae Sik,1997,97.9,0,0.1,0,1.9,0,0
No Myung Soo,2005,0,0,10.9,0,87,0,2.1
No Myung Soo,2012,0,0,64.6,0.1,3.7,0,31.6
No Myung Soo,2013,3.2,0,62.2,0,31.5,1.6,1.5
No Myung Soo,2015,29.9,0,2.9,0,21.7,0,45.4
Kim Chi Gon,2024,1.9,0,0.1,0,30.6,0,67.4
Cha Tae Sik,2043,0.3,0,0.2,0,0.5,0,99.1
Cha Tae Sik,2046,0,0,57.3,1.2,4.4,0,37.1
Cha Tae Sik,2059,0,0,0.2,0.3,60.8,0,38.6
Cha Tae Sik,2060,4.4,1.5,25,52.9,16.1,0,0.2
Oh Myung Gyu,2061,2.6,0.1,13.6,32.8,50.7,0,0.2
Cha Tae Sik,2061,0,0,2.4,0.6,96.6,0,0.4
Oh Myung Gyu,2062,1.6,0,1,1.5,35.5,0,60.4
Cha Tae Sik,2062,0.3,0,0,0,5.4,0,94.3
Oh Myung Gyu,2063,0,0,0,0,0,0,100
Oh Myung Gyu,2066,0,0,0,99.9,0,0,0.1
Oh Myung Gyu,2067,82.2,0,0,0,2.2,0,15.5
Cha Tae Sik,2068,0,0,0,0,81.6,0,18.4
Cha Tae Sik,2069,0,0,0,0,32.2,0,67.8
Oh Myung Gyu,2071,0.7,0,0,51,12,0,36.2
Cha Tae Sik,2074,0,0,0,0,90.6,0,9.4
Oh Myung Gyu,2075,48.3,0,0.9,16.7,32,0,2
Oh Myung Gyu,2083,0.1,0,0,0,0,0,99.9
Cha Tae Sik,2088,0,0,0,0,3.2,0,96.7
Oh Myung Gyu,2089,0,0,0,0,0.1,0,99.8
Oh Myung Gyu,2090,1.8,0,0,0,17,0,81.2
Oh Myung Gyu,2093,0,0,0,100,0,0,0
Cha Tae Sik,2096,0,0,0,0,36,0,63.9
Oh Myung Gyu,2098,0.5,0,0,0.9,1.2,0,97.5
Oh Myung Gyu,2101,0,0,0,97.5,0,0,2.5
Cha Tae Sik,2104,0,0,0,0,85.6,0,14.3
Oh Myung Gyu,2107,0,0,0,55.6,0.1,0,44.3
Cha Tae Sik,2108,0,0,0,0,19.6,0,80.4
Oh Myung Gyu,2113,0,0,0,0,0,0,100
Cha Tae Sik,2116,0,0,0,0,1.2,0,98.8
Oh Myung Gyu,2118,0,0,0,99.3,0,0,0.7
Oh Myung Gyu,2120,0,0,0,0,0,0,100
Oh Myung Gyu,2123,2.5,0,0,0.1,0.1,0,97.3
Cha Tae Sik,2124,0,0,0,0,1.6,0,98.4
Oh Myung Gyu,2126,6,0,0.1,0,0.8,0,93.1
Oh Myung Gyu,2127,91.5,0,0,0,6.2,0,2.2
Oh Myung Gyu,2129,56.4,0,0.1,23.2,19.5,0,0.8
Cha Tae Sik,2130,0,0,0,0,10.1,0,89.9
Oh Myung Gyu,2131,96.9,0,0.8,0.6,1.4,0,0.3
Cha Tae Sik,2132,57.1,0,0.3,0.3,0.3,0,42
Oh Myung Gyu,2137,25.1,11.3,0.5,0,4.8,0,58.3
Cha Tae Sik,2138,33.4,0,0,0,3.4,0,63.3
Oh Myung Gyu,2142,72.8,0,22.2,0,0.2,3,1.9
Cha Tae Sik,2143,0,0,0,0.1,0.1,0,99.8
Cha Tae Sik,2144,0,0,0,0,40.5,0,59.5
Oh Myung Gyu,2145,25.4,0,0,0,13,0,61.6
Cha Tae Sik,2146,0.5,0,0,0,17.9,0,81.6
Oh Myung Gyu,2150,0.3,0,97.4,0.7,0.5,0.6,0.5
Oh Myung Gyu,2156,37.4,0,0,0,8,0,54.7
Cha Tae Sik,2165,0,0,0.6,0,97.5,0,1.9
Kim Chi Gon,2167,1.1,0,0,0,6.8,0,92
Oh Myung Gyu,2174,0,0,0,0,0.7,0,99.3
Oh Myung Gyu,2175,0,0,0,99.7,0,0,0.2
Man Seok,2178,2.5,0,50.9,4.8,1,30.9,9.9
Oh Myung Gyu,2182,0.1,0,0,0,0,0,99.8
Man Seok,2183,7,0,11.6,21,20.6,4.4,35.4
Oh Myung Gyu,2195,0,0,0,100,0,0,0
Oh Myung Gyu,2197,0,0,0,0,6.8,0,93.1
Man Seok,2201,4,0,44.8,4.5,0.7,45.9,0
Oh Myung Gyu,2206,0.1,0,0,0,0.6,0,99.3
Oh Myung Gyu,2216,0,0,99.6,0,0.3,0,0.1
Oh Myung Gyu,2221,9,0,0.1,0,70.3,0,20.6
Oh Myung Gyu,2228,8.6,0,2.7,0,69.8,0,18.9
Oh Myung Gyu,2229,2,0,0.1,0,97.4,0,0.6
Oh Myung Gyu,2230,39.3,0.1,39.2,0,10.5,7.2,3.8
Oh Myung Gyu,2238,60.9,0,0.3,7.1,0.8,0,30.9
Cha Tae Sik,2240,99.9,0,0.1,0,0,0,0
Oh Myung Gyu,2241,2.4,0,0,0,0.3,0,97.4
Oh Myung Gyu,2242,41.3,0,43,7.6,1.5,0.5,6.1
Oh Myung Gyu,2244,90.9,0,3.3,0,1.3,0,4.6
Kim Chi Gon,2251,0.4,0,2.9,0.8,14.7,0.1,81.1
Kim Chi Gon,2252,7.2,0,0.1,0.1,27.5,0,65
Cha Tae Sik,2253,0,0,97.6,0,2.3,0,0
Cha Tae Sik,2259,28.2,0,0,3.4,42.7,0,25.7
Cha Tae Sik,2265,14,0,0,51.1,34.2,0,0.7
Oh Myung Gyu,2270,0,0,2.7,0,96.5,0,0.8
Oh Myung Gyu,2272,0,0,0,0,99.9,0,0
Cha Tae Sik,2273,3,0.1,26.9,0.1,69.1,0,0.9
Cha Tae Sik,2277,0,0,0,0,100,0,0
Cha Tae Sik,2281,89,0,10.4,0.2,0.4,0.1,0
Cha Tae Sik,2282,3.3,0,96.6,0,0.1,0,0
Cha Tae Sik,2286,0,0,0,81.3,0,0,18.7
Cha Tae Sik,2288,97.6,0,0.3,0.7,1.4,0,0.1
Oh Myung Gyu,2290,0.1,0,0.2,0.7,17.3,0,81.8
Cha Tae Sik,2291,9.8,0,5.7,0,6.2,0,78.2
Cha Tae Sik,2292,7.1,0,1,0.1,56.2,0,35.6
Cha Tae Sik,2293,1.3,0,1.3,0,97,0,0.4
Oh Myung Gyu,2295,4.7,0,0,0,0.3,0,95
Oh Myung Gyu,2305,2.4,0,95.5,0,2.1,0,0
Cha Tae Sik,2308,1.3,0,1.6,0,70.1,0,27
Cha Tae Sik,2311,58,0,0.2,0,23.1,0,18.7
Cha Tae Sik,2312,87.6,0.7,9.4,0.3,0.6,1.1,0.4
Cha Tae Sik,2313,0.3,0,2.4,0,36.9,0,60.4
Cha Tae Sik,2325,0,0,0,0,100,0,0
Cha Tae Sik,2328,70.5,0,21.9,0.1,7.4,0,0
Cha Tae Sik,2331,10.6,0.2,0.7,0.1,57.1,0,31.3
Cha Tae Sik,2335,0.1,0,83,0,0.1,16.4,0.5
Oh Myung Gyu,2346,100,0,0,0,0,0,0
Cha Tae Sik,2351,7.6,0,0.4,55.9,2.7,0.5,32.9
Oh Myung Gyu,2352,28,0,0.4,0.7,61.7,0,9.2
Oh Myung Gyu,2353,98.4,0,0.7,0,0.7,0,0.1
Oh Myung Gyu,2355,94,0,3,0.2,2.7,0,0.1
Cha Tae Sik,2356,0,0,1.3,92.6,4.1,0,2
Cha Tae Sik,2358,0.1,0,0.1,0.1,1.2,0,98.5
Cha Tae Sik,2362,28.8,1.4,69,0,0.7,0,0
Cha Tae Sik,2365,4.3,0,64.4,0.3,28.9,0.2,1.8
Cha Tae Sik,2366,60.8,0,3.9,0,35.3,0,0
Cha Tae Sik,2367,8.9,0,0.1,0,88.4,0,2.6
No Myung Soo,2370,100,0,0,0,0,0,0
No Myung Soo,2371,100,0,0,0,0,0,0
Cha Tae Sik,2372,2.4,0,0,0,85.3,0,12.3
No Myung Soo,2374,95.7,0.1,1.5,0,2.3,0.1,0.3
Cha Tae Sik,2384,8.9,0,1.2,0.4,89.5,0,0.1
Cha Tae Sik,2388,91.6,0,7.5,0,0.9,0,0
Kim Chi Gon,2390,0,0,45,1.3,1.5,0.5,51.7
Kim Chi Gon,2391,0,0,1.5,0,71,0,27.5
Kim Chi Gon,2392,4.4,0,0.4,0.2,72.3,0,22.7
Kim Chi Gon,2393,0.7,0,0.8,0.1,34.8,0,63.5
Cha Tae Sik,2445,0.1,0,0,0,0.3,0,99.6
Cha Tae Sik,2457,2.9,0,0,0,7.3,0,89.8
Kim Chi Gon,2472,0.1,0,0,0,2.6,0,97.3
Kim Chi Gon,2474,0.2,0,37.1,0,42.6,0.1,20
No Myung Soo,2474,1.2,0,32.9,0.1,23.6,3.4,38.7
Kim Chi Gon,2494,17.9,0,1.8,0.3,24,0,55.9
No Myung Soo,2494,0,0,0.5,0,0,15.2,84.3
Kim Chi Gon,2498,13.6,0,3,0.2,62.9,0,20.3
Kim Chi Gon,2518,84.8,0,11.5,0,3.7,0,0
Cha Tae Sik,2531,0,0,0.1,0,99.9,0,0
Cha Tae Sik,2538,4.1,0,0.3,0,94.8,0,0.9
Cha Tae Sik,2560,0,0,0,0,100,0,0
Cha Tae Sik,2571,12.9,0,6.5,0,77.2,0,3.4
Cha Tae Sik,2575,1.6,0,4,0,93.9,0,0.5
Cha Tae Sik,2580,60.6,0,21.2,0.2,13.2,0.2,4.7
Kim Chi Gon,2585,1.4,0,1.3,0,81.9,0,15.4
Cha Tae Sik,2587,0,0,0,0,100,0,0
Cha Tae Sik,2590,0,0,0,0,100,0,0
Cha Tae Sik,2591,0,0,0,0,100,0,0
Cha Tae Sik,2599,0.2,0,0,0,1.7,0,98
No Myung Soo,2617,75.2,0,0.1,1.4,12.2,0.4,10.9
No Myung Soo,2624,0,0,0,0.3,99.4,0,0.2
Kim Chi Gon,2626,1.2,0,46,0,0.3,0.2,52.3
Kim Chi Gon,2651,13.4,0,0,0,36.9,0,49.8
Nam Seong Sik,2660,9.4,0,9.4,0.1,19.4,0,61.7
Nam Seong Sik,2661,18,0,2.1,0.1,14.3,0,65.5
Nam Seong Sik,2662,2.6,0,0.3,66.6,0,0.1,30.4
Nam Seong Sik,2663,0,0,4.1,0,87,0,8.9
Nam Seong Sik,2664,0.1,0,0.1,0,0.7,0,99.1
Nam Seong Sik,2671,0.1,0,0.7,0.9,0,0,98.3
Nam Seong Sik,2674,0,0,0,0,94.9,0,5.1
Nam Seong Sik,2677,0.6,0,0,0.1,0,0,99.3
Nam Seong Sik,2683,0.4,0,0.2,0,0,0,99.4
Nam Seong Sik,2686,0.5,0,0.6,0.3,11.7,0.1,86.7
Jeong So Mi,2767,0.7,0,2,0,90.7,0,6.7
Jeong So Mi,2769,1.2,0,1,0,52.9,0,44.8
Jeong So Mi,2775,1.7,0,0,0,12.5,0,85.8
Jeong So Mi,2779,0.6,0,0,0,14.3,0,85
Jeong So Mi,2806,43.8,0,0,0,26.2,0.3,29.6
Jeong So Mi,2825,0.1,0,0.1,0,88.2,0,11.6
Kim Chi Gon,2865,59.3,0,1.5,0,6.9,0,32.2
No Myung Soo,2865,1.6,0,5.1,0,85.9,0,7.4
No Myung Soo,2876,0,0,1.4,0,73.6,0,25
Kim Chi Gon,2876,28.8,0,2.2,0.3,40.6,0,28
Kim Chi Gon,2881,0,0,13,38.7,0,48,0.3
Kim Chi Gon,2887,0,0,0,0,0.4,0,99.6
Kim Chi Gon,2890,0.1,0,4.1,76.9,5.1,0.4,13.3
Kim Chi Gon,2899,1.5,0,1.4,0,30.3,0,66.8
Kim Chi Gon,2904,0.1,0,0.6,0,11.6,0,87.7
Kim Chi Gon,2906,0,0,2,0,89.3,0,8.7
Kim Chi Gon,2907,0,0,15,0,82.5,0,2.5
Kim Chi Gon,2908,0,0,3.3,0,96.4,0,0.3
Kim Chi Gon,2916,0.8,0,51,0,48.2,0,0
Kim Chi Gon,2933,0.2,0,0,0.5,15.7,0,83.6
Kim Chi Gon,2941,0,0,0,0.1,2.9,0,97
Nam Seong Sik,2950,99.4,0,0,0,0.5,0,0
Man Seok,2952,51.4,0,14.5,0,22.3,2.1,9.7
Nam Seong Sik,2954,6,0,0,0,0.1,0,93.9
Nam Seong Sik,2956,41.4,0.6,0.5,49.5,0.4,0,7.6
Jong Seok,2958,0.1,0,0.3,0.6,12.1,0.1,86.8
Jong Seok,2960,0.6,0,0.1,0,17.3,0,82
Jong Seok,2961,0.5,0,1.8,0.1,27.1,0,70.5
Jong Seok,2962,0.1,0,3.2,8.4,2.5,0,85.8
Jong Seok,2965,6.5,0,32.7,0,45,0,15.8
Jong Seok,2966,4.3,0,3.6,0.1,7.5,1.1,83.6
Nam Seong Sik,2967,1.2,0,59.1,39.6,0.2,0,0
Nam Seong Sik,2968,0,0,98.9,0.8,0.1,0,0.2
Jong Seok,2968,10,0,0,0.2,28.4,0,61.4
Man Seok,2972,0.1,0,0,0,1.1,0,98.7
Jong Seok,2976,0,0,0,0,1.2,0,98.8
Jong Seok,2977,0,0,0,0,0.3,0,99.7
Nam Seong Sik,2978,98,0,0.2,0,1.6,0,0.3
Jong Seok,2981,2.8,0,2.4,0,47.1,0.4,47.3
Nam Seong Sik,2983,0,0,0.4,0,17,0,82.7
Nam Seong Sik,2990,0,0,0.8,0,72.3,0,26.9
Nam Seong Sik,2991,0.2,0,84.1,0,12.4,1,2.4
Nam Seong Sik,2992,0.6,0,0.9,0,76.7,0,21.8
Nam Seong Sik,2994,10.4,0,1.5,0,61.7,0,26.4
Nam Seong Sik,2998,12,0,0,0,15.6,0,72.4
Jong Seok,3002,0.1,0,58.7,3.9,0.8,14.3,22.1
Jong Seok,3004,1.4,0.7,6.8,0.5,90.1,0,0.5
Jong Seok,3005,67.7,0,0.2,0,32.1,0,0
Jong Seok,3006,0.1,0,2.6,0.8,85.1,0,11.4
Jong Seok,3008,4.5,0,10.5,0.2,58.8,0,25.9
Man Seok,3008,75.5,0,0,0,2.2,0,22.3
Man Seok,3009,86.9,3.9,0.9,0.2,7.7,0,0.5
Man Seok,3010,65.9,1,3.3,0.1,13.8,0,15.9
Jong Seok,3013,0,0,0,0,0,0,100
Jong Seok,3015,0,0,93.3,0.4,0,6.3,0
Jong Seok,3016,0,0,0.8,1.2,0.1,0,97.9
Man Seok,3018,89.9,0,1.4,0,5.2,0,3.4
Man Seok,3032,0,0,15.5,0.3,76.4,0,7.8
Oh Myung Gyu,3064,0.9,0,0,0,1.3,0,97.8
Lam Loan,3069,8.8,0,1.2,0,87,0,3
Oh Myung Gyu,3070,1.6,0,11.9,0.1,86.2,0.1,0.1
Oh Myung Gyu,3071,0.2,0,0,0,99.8,0,0
Oh Myung Gyu,3074,0.4,0,15.6,0,83.3,0,0.6
Lam Loan,3076,0.3,0,0,0.1,0.2,0,99.4
Oh Myung Gyu,3078,0,0,0.8,0,97.3,0,1.9
Oh Myung Gyu,3082,17.7,1.5,14.1,2.9,63.8,0,0
Lam Loan,3085,0,0,0,0,0.1,0,99.8
Lam Loan,3087,0,0,0.3,0.1,0.6,0,99
Lam Loan,3091,0.2,0,0.1,0.1,0.2,0,99.4
Kim Chi Gon,3099,1.4,0,3.5,0,4.7,0,90.4
Kim Chi Gon,3101,0.2,0,5.4,0,88,0,6.4
No Myung Soo,3101,4,0,27.1,0,68.3,0,0.6
Kim Chi Gon,3103,2.1,0,2.7,0,71.9,0,23.3
No Myung Soo,3103,0,0,0,0,1,0,99
Kim Chi Gon,3104,3.9,0,2.9,0,58.3,0,34.9
No Myung Soo,3104,2.1,0,2.6,0,33.2,0,62.1
Kim Chi Gon,3111,2.1,0,0.5,0.1,66.9,0,30.4
No Myung Soo,3112,0.2,0,0.2,2.6,9.6,0,87.4
Kim Chi Gon,3112,0.1,0,10.3,0,89.6,0,0
No Myung Soo,3113,0,0,0,1.2,96.3,0,2.5
Kim Chi Gon,3113,0.1,0,0,0,99.9,0,0
Kim Chi Gon,3114,0.1,0,4.9,0,94.5,0,0.4
No Myung Soo,3114,58.3,0.4,2.8,2.1,7.4,0.9,28.2
No Myung Soo,3115,0,0,0,0,98.7,0,1.3
Kim Chi Gon,3115,0.2,0,14,0,62.5,0,23.3
Kim Chi Gon,3116,0.1,0,39.9,0,50.5,0,9.4
Kim Chi Gon,3117,0.1,0,9.3,0,90,0,0.6
Kim Chi Gon,3118,0,0,0,0,2.3,0,97.7
Kim Chi Gon,3121,1.7,0,8.4,0,69.7,0,20.3
Kim Chi Gon,3122,34.1,0,63.2,0,2.6,0,0.1
No Myung Soo,3123,0,0,0,0,100,0,0
Kim Chi Gon,3125,1.6,0,0.1,0,85.2,0,13.1
Kim Chi Gon,3131,44.3,0,0.1,0,1,0,54.5
Kim Chi Gon,3132,31.8,0,0.8,0,66.5,0,0.8
Kim Chi Gon,3133,33.6,0,2.2,0,11,0,53.2
Kim Chi Gon,3138,1.1,0,0.6,0,68.8,0,29.4
Cha Tae Sik,3140,0.1,0,0.3,1.1,3.5,0,95
Cha Tae Sik,3148,0,0,0,0,100,0,0
Cha Tae Sik,3149,0,0,0.1,0,99.9,0,0
Cha Tae Sik,3153,0.1,0,0,0,10.8,0,89.1
Cha Tae Sik,3154,0,0,0,0,4.4,0,95.6
Kim Chi Gon,3158,34.3,0,0,0,13.3,0,52.3
Cha Tae Sik,3162,0,0,0.1,0,99.9,0,0
Cha Tae Sik,3170,0,0,13.5,0,86.5,0,0
Cha Tae Sik,3173,0,0,0,0,13.4,0,86.5
No Myung Soo,3179,89.7,0,2.5,0,0.8,0.7,6.2
Kim Chi Gon,3179,4.4,0,1.2,0,31.6,0,62.7
No Myung Soo,3180,0.7,0,1.1,0,31.2,0,67
Kim Chi Gon,3180,9,0,1.2,0,42.1,0,47.6
Cha Tae Sik,3183,0,0,0,0,1.9,0,98.1
Cha Tae Sik,3192,1,0,1.6,0.1,27.8,0.1,69.3
Cha Tae Sik,3214,0,0,21.3,0.3,72.3,0.1,5.9
Cha Tae Sik,3216,0,0,0,0,13.3,0,86.7
Cha Tae Sik,3230,0.8,0,0.4,0,98.6,0,0.3
Cha Tae Sik,3234,30.6,0,0.1,0,62.8,0,6.4
Cha Tae Sik,3239,29.1,0,42.7,7.4,20.7,0,0
No Myung Soo,3253,0.1,0,0,0,1.1,0,98.8
Kim Chi Gon,3253,0.3,0,0,0.1,0.7,0,98.9
Kim Chi Gon,3264,20.1,0,0,0,4.8,0,75.1
Kim Chi Gon,3269,7.2,0,0,0,3.6,0,89.3
Kim Chi Gon,3270,2.1,0,6.4,0,62.4,0,29.1
Kim Do Chi,3290,0,0,0.8,0,98.5,0,0.6
Kim Do Chi,3293,0,0,36.7,0,7,0,56.2
Kim Do Chi,3294,86.9,0,3.2,7.4,2.5,0,0
Kim Do Chi,3296,0,0,0.9,0,0,0,99.1
Kim Do Chi,3297,0.5,0,1.7,0,97.7,0,0.1
Kim Do Chi,3298,0,0,7.3,1.3,27,0,64.4
Kim Do Chi,3299,0,0,38.6,2.5,46.9,0,12
Kim Do Chi,3300,0.2,0,30.8,1.6,8.9,6.2,52.4
Kim Do Chi,3301,0.1,0,3.4,0,95.9,0,0.6
Kim Do Chi,3302,17.4,0,9.6,0.1,55.1,0,17.9
Kim Do Chi,3303,0.8,0,5.7,0,93.3,0,0.1
Cha Tae Sik,3304,0,0,0,0,100,0,0
Cha Tae Sik,3305,0,0,0,0,100,0,0
Cha Tae Sik,3306,45.2,0,0,0,54,0,0.8
Jong Seok,3310,0,0,0,0,99.9,0,0.1
Jong Seok,3311,0,0,0,0,99.9,0,0.1
Kim Do Chi,3313,0,0,0.1,0,94.5,0,5.4
Kim Do Chi,3315,0,0,0,0.9,48.7,0,50.4
Kim Do Chi,3316,0,0,1.2,0,97.1,0,1.7
Kim Do Chi,3318,16.8,0.1,53.7,0.3,22.1,1.9,5.1
Kim Do Chi,3322,0,0,0.1,0,99.9,0,0
Kim Do Chi,3331,0,0,0,0,100,0,0
Kim Do Chi,3333,0,0,0,0,100,0,0
Kim Do Chi,3334,0,0,0.1,0,0.4,0,99.5
Kim Do Chi,3336,8.6,0,1.5,0,89.8,0,0
Kim Do Chi,3338,20.5,0,5.3,0,18,0,56.2
Kim Do Chi,3342,6.4,0,34.9,18.8,4.8,15.1,20.1
Kim Do Chi,3344,0.9,0,0,0,5.9,0,93.1
Cha Tae Sik,3347,0,0,0,0,99.1,0,0.9
Kim Chi Gon,3368,0,0,100,0,0,0,0
No Myung Soo,3368,0,0,0.2,0,99.8,0,0
Kim Chi Gon,3369,0,0,4.8,0,93.1,0,2.1
No Myung Soo,3369,0.2,0,0,0,87.7,0,12.1
Cha Tae Sik,3373,0,0,0,0,99.9,0,0
Cha Tae Sik,3374,0,0,3.3,0,96.7,0,0
Cha Tae Sik,3375,0,0,26.7,0,73.3,0,0
Cha Tae Sik,3376,0.2,0,0,0,99.8,0,0
Cha Tae Sik,3385,0.1,0,1.4,0,96.5,0,2
Cha Tae Sik,3389,1.1,0,2.3,0,94.9,0,1.7
Cha Tae Sik,3390,1.3,0,0.2,0,88.2,0,10.4
Man Seok,3392,8.3,0,0,0.4,58,0,33.2
Cha Tae Sik,3393,0.7,0,2.6,0.1,93.6,0,3
Man Seok,3394,3.5,0,0,0,69.3,0,27.2
Man Seok,3395,1.9,0,0.2,1.6,1.1,0.2,95
Cha Tae Sik,3396,0,0,0,0,100,0,0
Man Seok,3396,0,0,0,0,0.7,0,99.3
Cha Tae Sik,3397,0.1,0,0.1,0,99.8,0,0
Man Seok,3400,0.1,0,0,79.7,0.1,0,20.2
Man Seok,3404,0.2,0,0,0,12.4,0,87.4
Cha Tae Sik,3404,64.9,0,0,0,31.9,0,3.2
Cha Tae Sik,3405,2.6,0,0,0,97.1,0,0.2
Man Seok,3405,0,0,21,17.4,0.2,49.8,11.6
Man Seok,3408,0.6,0,0.1,0,92.3,0,7.1
Cha Tae Sik,3408,24.4,0,0,0,73.8,0,1.8
Cha Tae Sik,3409,0,0,0,0,100,0,0
Man Seok,3410,11.3,0,1.2,0,64.2,0,23.3
Cha Tae Sik,3410,0.6,0,0,72.7,26.2,0,0.5
Man Seok,3422,0.2,0,0.2,0,4.6,0,95
Man Seok,3426,34.8,0,0.7,0,9.9,0,54.6
Man Seok,3427,3.3,0,5.5,0.4,5.3,0.4,85.1
Cha Tae Sik,3430,8.1,0,0,0.1,90.9,0,0.9
Man Seok,3436,0,0,0.3,0.3,40,0,59.3
Jong Seok,3438,1,0,0.8,0,68.9,0,29.3
Jong Seok,3441,1.1,0,0,0,98.8,0,0.1
Jong Seok,3443,0,0,0,0,99.9,0,0
Man Seok,3444,0.1,0,1,0,68,0,30.9
Jong Seok,3444,0,0,0.9,0,99.1,0,0
Kim Do Chi,3460,0.2,0,9.4,0.8,0.3,89.2,0.2
Kim Do Chi,3461,27.1,0,67,0,3.7,1.7,0.4
Kim Do Chi,3462,1.4,0,0,0.1,0.3,0,98.1
Kim Do Chi,3463,1.8,0,0,0,2,0,96.2
Cha Tae Sik,3468,0,0,0,0,73.9,0,26
Cha Tae Sik,3469,0,0,0,0,99.8,0,0.2
Kim Do Chi,3471,7.7,0,2.8,0,60.5,0,29
Kim Do Chi,3473,0,0,95.7,0,4.3,0,0
Kim Do Chi,3487,0.6,0,49.5,0,50,0,0
Cha Tae Sik,3496,45.7,0,0.3,0,53.7,0,0.3
Kim Do Chi,3499,85.7,0,12.9,0,1.3,0,0.1
Kim Do Chi,3505,79.2,1.5,16.3,0,2.7,0.1,0.1
Kim Do Chi,3513,0.5,0,12.6,1.3,82.1,0.4,3.1
Kim Do Chi,3518,27.1,0,0.5,0,22.9,0,49.5
Kim Do Chi,3525,6.6,0,52,0,36.3,0,5.1
Kim Do Chi,3528,75.8,0,0.3,0,7.9,0,15.9
Kim Do Chi,3529,2.2,0,7.5,8.9,75.4,3.5,2.5
Kim Do Chi,3530,8.3,0,15.8,13.9,28.8,17.5,15.6
Cha Tae Sik,3531,0,0,0,0,3.9,0,96.1
Cha Tae Sik,3535,0,0,0,0,3.3,0,96.6
Kim Do Chi,3536,0,0,25.4,0,62.4,0,12.1
Cha Tae Sik,3539,0.1,0,1.5,0,98.4,0,0
Kim Do Chi,3540,44.6,0,6.8,0,14,0,34.5
Cha Tae Sik,3541,0,0,0,0,94.4,0,5.5
Kim Do Chi,3542,1.4,0,98.2,0,0,0,0.4
Kim Do Chi,3544,0,0,0,0,4.9,0,95
Kim Do Chi,3545,83.9,0,0,0,0.1,0,16
Kim Do Chi,3546,95.4,0,0,1.5,3.1,0,0
Cha Tae Sik,3547,0.2,0,1,0,97.5,0,1.2
Kim Do Chi,3548,15.1,0,3.5,4,4,0,73.4
Cha Tae Sik,3549,1.3,0,0.4,0,97.8,0,0.5
Cha Tae Sik,3550,0.9,0,0.3,0,92.7,0,6.1
Kim Do Chi,3552,0.6,0,0.2,0,99.1,0,0
Cha Tae Sik,3555,90.9,0,4.7,4.3,0.1,0,0
Lam Loan,3558,4.7,0,16.8,0.3,56.4,0,21.8
Lam Loan,3559,14.9,0,3.2,0,50.2,0,31.7
Cha Tae Sik,3562,0,0,0,0,100,0,0
Cha Tae Sik,3565,0.1,0,1.1,0,98.3,0,0.5
Cha Tae Sik,3566,0.4,0,0.1,0,5.4,0,94.2
Kim Do Chi,3569,1.3,0,94.9,0,3.7,0,0.1
Kim Do Chi,3570,0,0,98.5,0,1.5,0,0
Kim Do Chi,3571,6.2,0,92.7,0,1.1,0,0
Cha Tae Sik,3573,0.1,0,8.7,0,90.8,0,0.4
Kim Do Chi,3576,14.9,0,7.7,0,66.4,0,11
Kim Do Chi,3577,10,0,89.9,0.1,0,0,0
Kim Do Chi,3578,97.9,0,1.6,0.3,0.1,0,0
Kim Do Chi,3579,8,0,1.4,0,77.8,0,12.7
Lam Loan,3583,0.9,0,0.1,0,21.7,0,77.3
Kim Do Chi,3584,0.1,0,0,0,0.1,0,99.8
Lam Loan,3585,3.1,0,7.8,0,23.8,0,65.3
Kim Do Chi,3586,0,0,99.4,0,0.4,0,0.2
Kim Do Chi,3587,75.3,0,0.6,0,6.1,0,18
Kim Chi Gon,3588,11.4,0,0.3,0,8.8,0,79.5
No Myung Soo,3589,3,0,25.1,0,66.3,0,5.6
Lam Loan,3593,0.1,0,7.3,0,21.8,0.2,70.7
Lam Loan,3597,0.5,0,0.2,0.1,2.5,0.1,96.6
Lam Loan,3601,0.8,0,0,0.1,0.9,0,98.3
Lam Loan,3602,0.8,0,7.9,1.6,0,89.7,0
Lam Loan,3605,13.6,0,5.7,0.3,29.5,0.2,50.6
Lam Loan,3608,0.9,0,0,0,0.4,0,98.6
Lam Loan,3610,5.6,0,0.2,0,10.5,0,83.7
Lam Loan,3613,26.5,0,10.5,8.6,21.8,7,25.6
Lam Loan,3614,32.7,0,9.5,0,30.1,0.1,27.5
Lam Loan,3615,0.1,0,0.1,0,66,0,33.8
Lam Loan,3616,7,0,40.5,0,31.9,0,20.6
Lam Loan,3617,88.8,0.1,1.9,0,8.6,0,0.6
Lam Loan,3622,0,0,85.5,0,14,0,0.4
Lam Loan,3629,99.5,0,0.3,0,0.2,0.1,0
Lam Loan,3630,66.8,0,19.3,0.2,12.5,0.1,1.2
Lam Loan,3634,16.9,0,4.5,1.8,22.9,0.1,53.8
Cha Tae Sik,3635,1.6,0,84,0,12,0,2.4
Lam Loan,3637,0.8,0,0.9,53.4,1.5,13.8,29.7
Cha Tae Sik,3640,83.1,0,0,1.8,6.2,0,8.8
Lam Loan,3641,7.3,0,0.8,0.2,72.5,0,19.2
Lam Loan,3642,0.4,0,25.1,0,34.1,0,40.2
Lam Loan,3647,28,0,0,22.8,29.1,0,20
Cha Tae Sik,3652,39.3,0,11.5,49,0,0.2,0
Lam Loan,3653,16.1,0,6.9,0,33.6,0,43.4
Lam Loan,3660,0,0,3.8,0,94.8,0,1.4
Lam Loan,3663,2.4,0,0.3,1.1,0.2,0,96
Lam Loan,3664,27.9,0,2.1,0,1.9,0,68
Lam Loan,3666,10.1,0,24.1,0,53.7,0,12.1
Lam Loan,3668,65.2,0,25.5,8.3,0.5,0.5,0.1
Lam Loan,3673,0.1,0.1,95.4,1.6,0.3,0.3,2.3
Lam Loan,3679,89.3,0,0.2,6.8,0.1,0.1,3.5
Lam Loan,3680,76.5,0,0,12.7,8.6,0,2.2
Lam Loan,3681,0.1,0,0,0,2.3,0,97.6
Cha Tae Sik,3684,4.1,0,7.2,9.4,78.9,0,0.4
Cha Tae Sik,3691,0.4,0,0.1,8.7,71.7,0,19.1
Cha Tae Sik,3692,0,0,0.3,0,99.6,0,0.1
Lam Loan,3693,4.2,0,0,0,10.1,0,85.7
Cha Tae Sik,3694,0.9,0,0.4,0.1,34.1,0,64.5
Lam Loan,3695,0.1,0,0,0,1.9,0,98
Cha Tae Sik,3695,0.1,0,3.5,2.3,2.5,0,91.6
Cha Tae Sik,3697,1.2,0,0,0,98.8,0,0
Lam Loan,3699,21.5,0,1.5,0,26,0,51
Lam Loan,3700,28.2,0,1.1,0,31.3,0,39.4
Cha Tae Sik,3701,0,0,0,0,100,0,0
Lam Loan,3702,42.7,0,0.1,0.1,12.1,0,45
Lam Loan,3708,25.7,0,0.3,0.1,8.1,0.1,65.7
Lam Loan,3709,0,0,0,0.1,58.2,0,41.7
Lam Loan,3713,28.2,0,0.7,0,33.3,0,37.7
Lam Loan,3714,24.4,0,0.3,0.1,31.4,0,43.9
Lam Loan,3715,45.9,0.1,5.4,0.6,32.5,0.2,15.3
Cha Tae Sik,3716,0.2,0,0,0,2.3,0,97.4
Cha Tae Sik,3725,0,0,0,0,100,0,0
Man Seok,3728,16.4,0,0,0,7,0,76.5
Cha Tae Sik,3729,0,0,0,0,100,0,0
Man Seok,3730,100,0,0,0,0,0,0
Man Seok,3731,0,0,0,95.3,0.1,0,4.6
Lam Loan,3732,0.8,0,1.1,0,91.4,0,6.7
Man Seok,3732,0.5,0,0,30.5,14.3,0,54.8
Kim Chi Gon,3733,0,0,0,0,19.3,0,80.7
Kim Chi Gon,3734,7.3,0,9.5,0,75.8,0,7.4
Kim Chi Gon,3735,0,0,0,0,7.2,0,92.7
Man Seok,3736,0.9,0,0,99,0,0,0
Man Seok,3737,0,0,0.1,0,99.9,0,0
Kim Chi Gon,3738,2.4,0,0.2,0,60.6,0,36.8
Man Seok,3739,47.9,0,0.3,0,51.5,0,0.3
Man Seok,3740,3.4,0,0,13,32.4,0,51.2
Man Seok,3741,100,0,0,0,0,0,0
Man Seok,3743,0,0,17.7,0,13.6,0,68.7
Lam Loan,3744,0,0,0,0,0,0,100
Lam Loan,3745,2.5,0,0,0,66.4,0,31.1
Cha Tae Sik,3746,0.3,0,0.2,0.1,3.7,0,95.8
Cha Tae Sik,3747,0.1,0,0.4,0,12.6,0,86.9
Lam Loan,3748,27.5,0,0.1,4.3,61.4,0,6.7
Lam Loan,3749,1.4,0,0,0.3,3.9,0,94.4
Cha Tae Sik,3752,0.8,0,0,0,58,0,41.2
Kim Chi Gon,3759,0,0,0,0,1.9,0,98.1
Jong Seok,3772,3.5,0,0,0.2,39.5,0,56.8
Man Seok,3774,2.4,0,1.1,0,26.9,0,69.5
Man Seok,3775,0,0,0.1,0,1.1,0,98.8
Cha Tae Sik,3776,0,0,0,0,100,0,0
Man Seok,3781,64.8,0,0.1,1.7,18.3,0.6,14.5
Man Seok,3782,5.6,0,0.8,0,79.5,0,14.1
Cha Tae Sik,3798,54.8,0,0,0.3,41.8,0,3.1
Cha Tae Sik,3805,82.3,0,0.3,1.8,9.5,0,6.1
Cha Tae Sik,3806,0,0,21.1,3.9,74.9,0,0.1
Cha Tae Sik,3807,0,0,0,0,2.1,0,97.9
Kim Chi Gon,3816,35.8,0,2.3,0.3,4.2,0.5,56.9
Kim Chi Gon,3817,0.4,0,0,0,3.1,0,96.4
Kim Chi Gon,3818,1.1,0,0,62.7,1.1,0,35
Cha Tae Sik,3819,0.8,0,12.1,0,86.1,0,1
Kim Chi Gon,3827,40.6,0,49,0,9.1,0,1.3
Kim Chi Gon,3828,0,0,0.1,93.5,0,1.4,5
Kim Chi Gon,3829,7.8,0,43.2,3,0.7,11.2,34.1
No Myung Soo,3830,98.1,0,0.1,0.4,1,0,0.5
Kim Chi Gon,3830,0,0,0,80.3,0,0,19.7
Kim Chi Gon,3831,11,0,0.8,1.2,9.1,0.1,77.8
Kim Chi Gon,3832,0,0,0,100,0,0,0
No Myung Soo,3832,0.2,0,7.4,0,8.6,0,83.8
Cha Tae Sik,3839,0,0,0,0,10.1,0,89.8
Cha Tae Sik,3840,4.5,0,15.7,0.1,26.2,0,53.5
Cha Tae Sik,3841,0.2,0,0,0,1.4,0,98.4
Man Seok,3847,0.2,0,8.5,81.9,9.2,0.1,0
Man Seok,3848,0.3,0,70.3,0,6.5,0,22.8
Man Seok,3849,0,0,0.1,0,89.7,0,10.1
Cha Tae Sik,3851,0.2,0,0.7,0,9.5,0,89.6
Cha Tae Sik,3852,2.8,0,60.1,0,9.7,0.1,27.3
Cha Tae Sik,3853,0.9,0,2.1,0,2.5,0,94.5
Cha Tae Sik,3855,1.1,0,0.2,0,3.3,0,95.4
Man Seok,3856,0,0,69.2,0,2.8,0,27.9
Lam Loan,3859,6.5,0,0.2,0,34.4,0,58.9
Lam Loan,3860,0.1,0,4.3,0,46.5,0,49.2
Man Seok,3861,0,0,54.6,0,16.9,0,28.5
Man Seok,3862,0,0,5.7,0,84.8,0,9.4
Man Seok,3863,0,0,1,0,0.2,0,98.8
Cha Tae Sik,3866,6.9,0,12.6,0.6,40.4,0.7,38.9
Man Seok,3868,0,0,97.9,0,2.1,0,0
Cha Tae Sik,3871,0,0,0,0,1.9,0,98.1
Man Seok,3872,0,0,0.4,0,99.5,0,0.1
Man Seok,3873,4.8,0,1.6,91.1,2.5,0,0
Cha Tae Sik,3874,0.6,0,0.8,0,67.3,0,31.3
Cha Tae Sik,3876,0.2,0,1.6,0,51.2,0,46.9
Cha Tae Sik,3877,0.6,0,0.2,0,17.8,0,81.4
Man Seok,3878,2.1,0,18,0.7,66.6,0,12.6
Man Seok,3879,77.4,0,10.2,0.2,5.8,0,6.3
Cha Tae Sik,3882,1.8,0,13.4,0,84.2,0,0.5
Man Seok,3885,8.2,0,82.6,0,8.7,0,0.4
Man Seok,3887,94.2,0,3.1,0.1,0.8,0.1,1.7
Man Seok,3888,7.7,0.2,28,4.4,55.9,0.4,3.4
Man Seok,3889,0.3,0,0.1,0,8.1,0,91.5
Man Seok,3890,34,0.6,44.2,0.7,17.3,0.6,2.6
Cha Tae Sik,3891,0.2,0,3.8,0,94.9,0,1
Cha Tae Sik,3893,17.3,0,5.8,0,19.4,0.1,57.4
Cha Tae Sik,3894,0,0,0.4,0,99.6,0,0
Cha Tae Sik,3899,1.4,0,2,0,87.9,0,8.7
Cha Tae Sik,3900,1.2,0,17.3,0,81.5,0,0.1
Man Seok,3903,2.7,0,46.6,0,47.1,0,3.6
Man Seok,3904,0.1,0,97.5,0,1.6,0,0.7
Cha Tae Sik,3905,38.9,0,20.1,0,35.6,0,5.4
Cha Tae Sik,3906,78.5,0,18.9,0,2.2,0.2,0.2
Cha Tae Sik,3907,59.9,0,12.7,0,26,0,1.4
Cha Tae Sik,3909,68.9,0,27.8,0,2.9,0,0.4
Cha Tae Sik,3910,99.1,0,0.8,0,0.1,0,0
Cha Tae Sik,3912,89.3,0,7.8,0,2.8,0,0.1
Cha Tae Sik,3913,99,0,0.9,0,0.2,0,0
Cha Tae Sik,3915,4.4,0,35.3,0,0,60.3,0
Cha Tae Sik,3916,99.8,0,0.2,0,0,0,0
Man Seok,3918,13.8,0,57.9,0,28.3,0,0
Man Seok,3919,14.8,0,44.4,0,40.7,0,0.1
Man Seok,3921,0.2,0,98.3,0,1,0.4,0.2
No Myung Soo,3929,0,0,0,0,0,0,100
Kim Chi Gon,3931,88.7,0,0.1,0,11.2,0,0
Kim Chi Gon,3939,0,0,85.3,4.1,10.6,0,0
Kim Chi Gon,3943,0,0,0.1,60.4,0.8,0.2,38.5
Kim Chi Gon,3948,0,0,1.3,0,96.4,0,2.3
Kim Chi Gon,3953,0,0,1.2,0,12.2,0,86.6
Kim Chi Gon,3964,0,0,7,0,2.5,0,90.5
Kim Chi Gon,3977,2.1,0,0.2,0,82,0,15.8
Kim Chi Gon,3978,40.9,0,0.1,0,17.4,0,41.7
Moon Dal Seo,3986,8.7,0,0,0,16.9,0,74.3
Moon Dal Seo,3991,2.2,0,0.1,1,42.1,0,54.7
Cha Tae Sik,3996,0,0,0,0,100,0,0
Moon Dal Seo,4002,92.6,1.5,3.8,0.2,1.3,0.1,0.5
Moon Dal Seo,4006,84.5,0,0.2,0.1,11,0,4.2
Cha Tae Sik,4009,5.8,0,17.4,4,5.6,5.7,61.5
Cha Tae Sik,4013,51.4,0,0.9,0.2,21.1,0.1,26.3
Cha Tae Sik,4014,0.6,0,31.5,0.2,67.5,0,0.2
Cha Tae Sik,4017,18.6,0.1,0.2,80.1,1,0,0.1
Cha Tae Sik,4020,64.3,0,0.3,0.1,33.5,0.1,1.7
Moon Dal Seo,4027,51.2,0.3,20.3,18.1,3.6,2,4.5
Cha Tae Sik,4210,2.6,0,0,0.9,96.3,0,0.2
Moon Dal Seo,4213,0,0,0,0,2.7,0,97.3
Cha Tae Sik,4219,0.7,0,0,0.1,99.1,0,0.1
Moon Dal Seo,4225,2,0,2,24.4,69,0,2.6
Moon Dal Seo,4229,0,0,3.8,0,92.8,0,3.4
Cha Tae Sik,4229,70.9,0,0,3.2,6.8,10.1,9
Cha Tae Sik,4234,0.9,0,0,0.4,98.6,0,0
Moon Dal Seo,4239,0.1,0,0,0.1,0.4,0,99.5
Cha Tae Sik,4246,68.2,0,0,2.4,7.8,13.1,8.4
Cha Tae Sik,4249,53.9,0,0.2,13.9,14.1,3.6,14.2
Cha Tae Sik,4299,0,0,0,0,100,0,0
Moon Dal Seo,4299,0,0,0,0,0.1,0,99.9
Cha Tae Sik,4329,0,0,0,0,100,0,0
